,Window_Index,Loading_Temperature_Prop,Loading_force_Prop,Loading_Voltage_Prop
0,1,0.5051767886942159,0.465438855754924,0.029384355550860098
1,2,0.4628973931694979,0.4608093604238376,0.0762932464066644
2,3,0.4654611454830688,0.4859154473919706,0.048623407124960785
3,4,0.40795851969552277,0.4099769258864784,0.18206455441799843
4,5,0.18580238970861526,0.4641752388677405,0.3500223714236445
5,6,0.1669244449772869,0.46953818381151374,0.3635373712111993
6,7,0.30782348737234266,0.5204922447315734,0.17168426789608363
7,8,0.46571083868098606,0.5000247123219866,0.03426444899702756
8,9,0.47317974332078555,0.5183846092221189,0.008435647457095283
9,10,0.43794274298473024,0.5012688957250637,0.06078836129020603
10,11,0.48861365712291227,0.4895347792311122,0.021851563645975406
11,12,0.40175294557932284,0.5607507894782935,0.03749626494238299
12,13,0.4447086949334375,0.522608116886982,0.03268318817958055
13,14,0.5032929290659874,0.44708789974731866,0.04961917118669361
14,15,0.5133759575805182,0.4251549135191329,0.06146912890034885
15,16,0.383322979781828,0.4592429040711954,0.15743411614697708
16,17,0.4096965605748305,0.47514431368708554,0.11515912573808483
17,18,0.488241136373777,0.4636319155755969,0.048126948050626034
18,19,0.4257845515437713,0.4449548950298486,0.12926055342638043
19,20,0.5017969473515455,0.49515394872198265,0.003049103926472056
20,21,0.5055061891205176,0.49319702286889877,0.0012967880105836753
21,22,0.12335822056383532,0.44925347057520953,0.4273883088609553
22,23,0.48638056233968935,0.4877880673545272,0.025831370305783058
23,24,0.49970363671001156,0.5002642414055292,3.212188445888066e-05
24,25,0.44110306034489993,0.4633821046643462,0.09551483499075365
25,26,0.489504581538165,0.4940510345823869,0.016444383879447976
26,27,0.4997546598139935,0.4990958164847499,0.0011495237012568852
27,28,0.4495239066323959,0.43413385841447916,0.11634223495312486
28,29,0.36899549866202014,0.4372795279940359,0.19372497334394417
29,30,0.31648606582027405,0.4699048318516361,0.21360910232808977
30,31,0.4688706494030812,0.4846735205594542,0.04645583003746511
31,32,0.49728543337605907,0.49383432656229626,0.0088802400616445
32,33,0.49095973637009976,0.4956244711418979,0.013415792488002318
33,34,0.4963459551211725,0.4975662468245738,0.00608779805425368
34,35,0.5019296274731114,0.497458315319379,0.0006120572075094247
35,36,0.4831354569277178,0.4954797152013258,0.021384827870956608
36,37,0.49877147840091735,0.497540302233486,0.0036882193655972495
37,38,0.4942745212744587,0.5006030698108865,0.005122408914654988
38,39,0.4956107781351418,0.4985070907284147,0.005882131136442949
39,40,0.49735994023832736,0.49065566294526464,0.011984396816407185
40,41,0.44238516379095677,0.43282909427748534,0.12478574193155871
41,42,0.4874890057457247,0.47408647829311246,0.0384245159611628
42,43,0.4479621939458563,0.4564198277835692,0.09561797827057457
43,44,0.4886069491596836,0.4873370636803475,0.02405598715996952
44,45,0.44286128918935835,0.2945731771943691,0.2625655336162728
45,46,0.35059066751749485,0.3232876775338094,0.3261216549486959
46,47,0.3220746135771382,0.35739265550837934,0.3205327309144827
47,48,0.33127140368175484,0.35001349092322237,0.31871510539502335
48,49,0.20633981409366436,0.4002307988423781,0.3934293870639579
49,50,0.3059349909340837,0.3466192481810429,0.3474457608848737
50,51,0.31463667536591305,0.340299465385289,0.34506385924879857
51,52,0.273097148156843,0.3228855299690804,0.4040173218740765
52,53,0.3354099895808912,0.3227946851149552,0.3417953253041539
53,54,0.3599706705163033,0.3051248178756213,0.3349045116080755
54,55,0.4352312990914628,0.4251261580672724,0.13964254284126507
55,56,0.38237726270758354,0.2695156746176502,0.3481070626747665
56,57,0.39798494994574796,0.20327120572813215,0.3987438443261202
57,58,0.48129573118745994,0.035383303886141144,0.4833209649263989
58,59,0.4932763209425742,0.011329617213803054,0.49539406184362234
59,60,0.4510069806800534,0.07312354329443058,0.47586947602551577
60,61,0.34890452449971593,0.30988901180272355,0.3412064636975606
61,62,0.3384720509754405,0.340089777966268,0.321438171058292
62,63,0.34601646125743535,0.3343740622815396,0.319609476461025
63,64,0.35951498202756754,0.33420629816916925,0.3062787198032623
64,65,0.34363488345648735,0.3460127723760178,0.3103523441674947
65,66,0.35312878797007574,0.2987834152971291,0.3480877967327952
66,67,0.34289814338471325,0.3035095418399644,0.35359231477532266
67,68,0.35111242597362724,0.28220131693673833,0.3666862570896344
68,69,0.3510112447198624,0.28876958905232886,0.36021916622780914
69,70,0.33186771719275077,0.32178206813023086,0.34635021467701826
70,71,0.32634215636952607,0.350937216744972,0.32272062688550235
71,72,0.4336561528155203,0.41377647017880315,0.1525673770056771
72,73,0.3476234256994564,0.3373219189424588,0.31505465535808475
73,74,0.48012364110640204,0.4890237977940261,0.03085256109957218
74,75,0.36971083817655565,0.26218410757500343,0.3681050542484406
75,76,0.4683473781168521,0.4711584996735237,0.06049412220962423
76,77,0.3657358716441511,0.319602368348485,0.3146617600073636
77,78,0.3664850773538836,0.37520929947340476,0.25830562317271116
78,79,0.3472587393860504,0.3224128475264006,0.3303284130875486
79,80,0.3897440329081283,0.3932980323062099,0.2169579347856613
80,81,0.37947797760655944,0.3468381696416674,0.27368385275177287
81,82,0.43155921479518644,0.5186581154173573,0.049782669787455984
82,83,0.3446825468817913,0.2376177230252619,0.4176997300929468
83,84,0.2693370084700424,0.25415968335272077,0.4765033081772362
84,85,0.28684497433700706,0.33775134804871976,0.37540367761427357
85,86,0.25962098114687865,0.3148636981735022,0.42551532067961867
86,87,0.23917516228836433,0.36487610974646645,0.39594872796516883
87,88,0.1615465683304469,0.3749618307809862,0.4634916008885668
88,89,0.135853898629689,0.4537265067833423,0.41041959458696803
89,90,0.10365556513755962,0.4407122251430978,0.45563220971934204
90,91,0.33545276001259267,0.21338674094077204,0.4511604990466355
91,92,0.37609050173102504,0.2446330253394951,0.3792764729294796
92,93,0.4273974094757904,0.1522308609569593,0.4203717295672503
93,94,0.4696311107765935,0.05149677673434188,0.47887211248906475
94,95,0.48411430522438675,0.019885763809141598,0.49599993096647177
95,96,0.49373693443943323,0.006956036936971058,0.4993070286235958
96,97,0.4223972384501708,0.128083248959833,0.44951951258999634
97,98,0.40799138577672117,0.16908066073727326,0.42292795348600565
98,99,0.3329489041553394,0.2545788491170806,0.4124722467275803
99,100,0.32009542428843296,0.29476236654633087,0.3851422091652355
100,101,0.3472792532935952,0.27619302868060164,0.37652771802580315
101,102,0.36136081977854895,0.24990739171080373,0.3887317885106478
102,103,0.3374415438510052,0.29002369185732635,0.3725347642916686
103,104,0.34971792183462674,0.28539940238857825,0.3648826757767948
104,105,0.35024439599823703,0.2776744963606671,0.3720811076410957
105,106,0.3716898683511845,0.250851062629609,0.37745906901920634
106,107,0.36788228621955116,0.26006195265911003,0.3720557611213395
107,108,0.3510691045467705,0.29795543456116347,0.35097546089206577
108,109,0.35840164589105866,0.2825021432615787,0.3590962108473619
109,110,0.4406919307583691,0.11865793081601533,0.44065013842561535
110,111,0.4284952868513457,0.14201160434284074,0.4294931088058132
111,112,0.3955360100499344,0.20352132030541434,0.400942669644651
112,113,0.358419023124432,0.27523884183673475,0.3663421350388332
113,114,0.3564406008495207,0.28212646521271395,0.36143293393776504
114,115,0.36524977348263177,0.27145975301602376,0.3632904735013446
115,116,0.36881034345486785,0.26357155552561834,0.3676181010195139
116,117,0.40709127949790785,0.18749542370548622,0.40541329679660615
117,118,0.40526373006787525,0.18950751015137862,0.40522875978074635
118,119,0.4284542363905706,0.144385106793131,0.42716065681629817
119,120,0.4045394720660759,0.18716554131465057,0.40829498661927327
120,121,0.41410188840221007,0.1731552486883658,0.41274286290942425
121,122,0.4396807166210076,0.12105683488028392,0.43926244849870905
122,123,0.4202348701662958,0.15766698177220345,0.42209814806150076
123,124,0.4667310999522438,0.07081788885473514,0.4624510111930213
124,125,0.49967710859764797,0.00018950388367508573,0.500133387518677
125,126,0.4933113738012611,0.013933868590177324,0.4927547576085613
126,127,0.4459658084432471,0.10309736442913336,0.4509368271276193
127,128,0.4407445321671381,0.11491320232556414,0.4443422655072976
128,129,0.47564298396378163,0.046813261898371136,0.4775437541378468
129,130,0.43997056828403036,0.11673432724087979,0.4432951044750905
130,131,0.43882213263434433,0.1174079780137227,0.4437698893519326
131,132,0.46749565659133446,0.059187903563525116,0.47331643984514055
132,133,0.48973511551094023,0.02083979144322031,0.4894250930458398
133,134,0.49478285724983334,0.012385157810373719,0.49283198493979286
134,135,0.4834105078254745,0.03130087347192968,0.48528861870259565
135,136,0.49999815906579786,4.726239089263192e-06,0.4999971146951133
136,137,0.49442176266709315,0.009950668583164667,0.49562756874974234
137,138,0.49532367044545195,0.009696270094720174,0.4949800594598278
138,139,0.4765800730470058,0.046325733478851376,0.47709419347414284
139,140,0.47662388553115903,0.047609412426975355,0.47576670204186516
140,141,0.48367339204104204,0.031873456428360376,0.4844531515305976
141,142,0.4836757238369922,0.030948215777249318,0.48537606038575853
142,143,0.4898628328797482,0.018175383829469715,0.49196178329078194
143,144,0.48039384838146776,0.03207059339043639,0.48753555822809624
144,145,0.4600983582007115,0.08542814323726329,0.45447349856202546
145,146,0.45316689027039747,0.10555748260033704,0.44127562712926516
146,147,0.4445187677086772,0.13066275440817113,0.4248184778831514
147,148,0.4434905324380419,0.14205723278880542,0.4144522347731521
148,149,0.4996050890162182,3.3267280566150985e-05,0.5003616437032157
149,150,0.5015816148859861,0.0016825324965022458,0.4967358526175115
150,151,0.4881409322038559,0.044998941679067525,0.4668601261170761
151,152,0.44635597585946885,0.12007484162921488,0.4335691825113163
152,153,0.49668046051712406,0.010920709380441523,0.49239883010243396
153,154,0.4964982166998375,0.008919846371189684,0.494581936928973
154,155,0.4976465976016118,0.00470122302674022,0.49765217937164813
155,156,0.498301675220281,0.004787032647522379,0.49691129213219654
156,157,0.4745025306633282,0.04720870549304241,0.47828876384362934
157,158,0.47401748161404594,0.03885871646366997,0.48712380192228366
158,159,0.46785791340290356,0.061861175629693586,0.4702809109674032
159,160,0.45987047092379424,0.07528419694863552,0.46484533212757023
160,161,0.4612255041733275,0.07474853864249588,0.46402595718417716
161,162,0.4991516116856543,0.0011919710194241951,0.49965641729492155
162,163,0.47924437580384477,0.03767016003725756,0.4830854641588979
163,164,0.49525761115513717,0.0065280682469127885,0.4982143205979502
164,165,0.49373827137884907,0.015910699870916353,0.49035102875023456
165,166,0.498843430455189,0.002831388224866048,0.49832518131994474
166,167,0.4952594111444567,0.014260619234299634,0.49047996962124285
167,168,0.4871467704333125,0.05666955698974977,0.45618367257693776
168,169,0.45648129466326287,0.1843594881135043,0.35915921722323296
169,170,0.45146129752037945,0.18172909658998737,0.3668096058896337
170,171,0.49159986834227815,0.03571558721677595,0.472684544440946
171,172,0.45659855487453344,0.11841256285346723,0.42498888227200016
172,173,0.4697448036602038,0.08878399738599316,0.4414711989538028
173,174,0.4806407615942545,0.03059132679574488,0.48876791161000077
174,175,0.4832681446696098,0.032075357331812535,0.4846564979985778
175,176,0.49949491469433505,0.002638387392958518,0.4978666979127065
176,177,0.49783931875120485,0.0035764599309657734,0.49858422131782926
177,178,0.4797055254720123,0.03740578501288475,0.4828886895151026
178,179,0.4958180469473579,0.018193899188692304,0.4859880538639495
179,180,0.4997900880816177,0.001467918007471974,0.4987419939109101
180,181,0.4628899457062205,0.09897830907916798,0.43813174521461135
181,182,0.4443979847961668,0.141220376489597,0.41438163871423583
182,183,0.4405730204460028,0.13756162162638347,0.42186535792761287
183,184,0.49003436492694985,0.019633056999498716,0.49033257807355124
184,185,0.4868402366215213,0.02316259958153308,0.4899971637969456
185,186,0.46282763856788106,0.06658299368194952,0.4705893677501699
186,187,0.4945168240482405,0.006990705839075267,0.4984924701126846
187,188,0.4984623582597531,0.002413511900100468,0.49912412984014637
188,189,0.4540555422295316,0.13557994824060637,0.410364509529862
189,190,0.470662250896799,0.141187003370317,0.3881507457328846
190,191,0.4983801072049784,0.00031947411769120534,0.5013004186773306
191,192,0.4913672497643188,0.18357345494855865,0.325059295287123
192,193,0.4458376663033101,0.22329512307970056,0.33086721061698965
193,194,0.5119335546937052,0.19366202820527195,0.2944044171010228
194,195,0.5044786644896027,0.060496066132036216,0.4350252693783612
195,196,0.5047143070590333,0.003500378309158415,0.4917853146318083
196,197,0.4775722046900934,0.08897842953562779,0.43344936577427895
197,198,0.4625309870702603,0.2968492886127465,0.24061972431699297
198,199,0.44392122817750856,0.41653762228301805,0.13954114953947286
199,200,0.41524815523967795,0.28816483667279785,0.2965870080875248
200,201,0.4892024757303229,0.1629690795153945,0.347828444754283
201,202,0.42571402827233895,0.24830252688083945,0.3259834448468219
202,203,0.4979636042811681,0.004083486582058862,0.4979529091367728
203,204,0.45267250193444203,0.16496030300793585,0.3823671950576218
204,205,0.484241078861569,0.018691955226845098,0.49706696591158567
205,206,0.4957910734166727,0.0078112297831308885,0.49639769680019635
206,207,0.4401279324060382,0.04901416938006518,0.5108578982138965
207,208,0.5034127860476063,0.4937419832967956,0.002845230655598102
208,209,0.5487722751299056,0.02940524331560109,0.4218224815544934
209,210,0.4667139994592919,0.0686954884318042,0.4645905121089044
210,211,0.483151253942047,0.07683877058699365,0.4400099754709593
211,212,0.5005024096033772,0.013389314831302648,0.4861082755653203
212,213,0.45806646839654,0.3435870865842318,0.19834644501922835
213,214,0.5343698087234374,0.32014284692887723,0.1454873443476853
214,215,0.40280079648559,0.19094709907402188,0.40625210444038784
215,216,0.47743785001518446,0.08315975876916509,0.4394023912156507
216,217,0.474146361504924,0.15340901322081835,0.37244462527425776
217,218,0.4859064480086563,0.01893965743419329,0.49515389455715
218,219,0.49437520992412576,0.006033919500115024,0.4995908705757594
219,220,0.4768341972941577,0.10607729318338084,0.41708850952246107
220,221,0.4353655369426337,0.4146421882297924,0.14999227482757332
221,222,0.4909004815863133,0.03483912908655032,0.4742603893271363
222,223,0.44449271758822534,0.2114904760803382,0.3440168063314365
223,224,0.4510120887831105,0.05916842451965528,0.4898194866972348
224,225,0.34513722013039566,0.23351414182112945,0.42134863804847456
225,226,0.3000785886664043,0.3890228481130344,0.3108985632205609
226,227,0.00436289473773187,0.49700254567190466,0.49863455959036296
227,228,0.38047938685383537,0.19332317501780155,0.4261974381283629
228,229,0.4470226564147163,0.08133996503510281,0.47163737855018056
229,230,0.470422958229717,0.08220738059383986,0.4473696611764427
230,231,0.49594375662692025,0.06004499453023227,0.4440112488428474
231,232,0.5317340143470355,0.43415463701946894,0.03411134863349555
232,233,0.3574421670424675,0.45872776635928414,0.18383006659824808
233,234,0.4453541099594489,0.3274826967860581,0.22716319325449325
234,235,0.4731678946376758,0.1046539445051702,0.4221781608571537
235,236,0.46516509867726413,0.16995381522903405,0.364881086093702
236,237,0.5033789240788312,0.006007928817600457,0.49061314710356824
237,238,0.46392365403651264,0.4878609739288832,0.048215372034604104
238,239,0.42160142706160303,0.42121057765941083,0.15718799527898644
239,240,0.34736171703504964,0.3743813802847519,0.2782569026801985
240,241,0.3906498659384502,0.15373444698966968,0.4556156870718801
241,242,0.3976302093872751,0.1756802304885258,0.4266895601241993
242,243,0.4412042389784585,0.21403603543205557,0.3447597255894862
243,244,0.49725766185473946,0.4603403288906779,0.04240200925458291
244,245,0.35053988256022806,0.05912427246497119,0.5903358449748005
245,246,0.18432195252743358,0.3260079862253231,0.48967006124724316
246,247,0.3910670418276637,0.2140033148815417,0.3949296432907946
247,248,0.49978867296913765,0.10330053226395684,0.39691079476690583
248,249,0.5272245631879794,0.10647712260928517,0.3662983142027357
249,250,0.5058058223430931,0.4038984257158598,0.09029575194104704
250,251,0.30887246223160064,0.4654957033692329,0.22563183439916668
251,252,0.40920075341279594,0.36117477321700087,0.2296244733702031
252,253,0.39956225976126775,0.18644020225040037,0.4139975379883312
253,254,0.24131162396149763,0.3093142532917833,0.44937412274671873
254,255,0.5005946983209791,0.032729565240244084,0.4666757364387765
255,256,0.500314299258976,0.02633617967900495,0.47334952106201905
256,257,0.5041339716606497,0.004021640390345629,0.4918443879490049
257,258,0.4966268185358384,0.0014427702800775609,0.5019304111840842
258,259,0.5016698449499246,0.005293724722137266,0.4930364303279379
259,260,0.24854938091002338,0.4740390737530789,0.27741154533689855
260,261,0.4419838540563284,0.04018714006813268,0.5178290058755395
261,262,0.47276260479119936,0.06829271683173097,0.45894467837706887
262,263,0.4922119981258511,0.04454519318442181,0.4632428086897273
263,264,0.4916540581049283,0.006563925544478016,0.5017820163505933
264,265,0.2831515466976203,0.5711341913159099,0.14571426198647064
265,266,0.5072714052775257,0.4700679653187393,0.022660629403734915
266,267,0.48408445535516553,0.395265816760079,0.12064972788475546
267,268,0.4227382802889355,0.28459809205362585,0.292663627657439
268,269,0.3401180113432763,0.2616129769096671,0.39826901174705587
269,270,0.322874674707119,0.5292915270070401,0.1478337982858412
270,271,0.5164719918366438,0.4108576144622966,0.07267039370105981
271,272,0.41321532619322787,0.1607926937855097,0.42599198002126176
272,273,0.5107122868010741,0.014153373767786855,0.47513433943113914
273,274,0.435449355765738,0.06191562242401194,0.5026350218102499
274,275,0.48336486461447387,0.28553784668673027,0.2310972886987963
275,276,0.4013427212408139,0.49795574819164684,0.10070153056753929
276,277,0.4944781636471881,0.5020825088697974,0.003439327483014226
277,278,0.4999856656846456,0.5000142945637838,3.975157091795154e-08
278,279,0.47148124817406956,0.23908766771427067,0.28943108411165996
279,280,0.5180179099392075,0.30894556834627085,0.17303652171452177
280,281,0.4574064654167478,0.4365005535385513,0.10609298104470169
281,282,0.4387249204841808,0.24628518039055697,0.314989899125262
282,283,0.4523087201009409,0.49898451358561285,0.048706766313446254
283,284,0.2005059767145306,0.37616761338661026,0.4233264098988596
284,285,0.28545417609071866,0.24791107810093085,0.46663474580835107
285,286,0.22845162733892982,0.3891421746300211,0.3824061980310485
286,287,0.2308372816144675,0.28998238576429286,0.4791803326212395
287,288,0.4369748669836427,0.1590421261843188,0.4039830068320383
288,289,0.5121725213359151,0.20095002565702982,0.2868774530070554
289,290,0.4965659500411333,0.5018713410485447,0.0015627089103217161
290,291,0.45955333571380547,0.5145435434789078,0.025903120807286493
291,292,0.3804861127543027,0.44866093110123584,0.17085295614446208
292,293,0.45711678971935144,0.3575556717258361,0.18532753855481215
293,294,0.46026916710714283,0.36115976143615547,0.17857107145670167
294,295,0.4574914905923277,0.5169170583549667,0.025591451052705914
295,296,0.5088621209641006,0.48660468445432037,0.004533194581579151
296,297,0.4962843754272947,0.4996722144377487,0.0040434101349562405
297,298,0.5064316666182648,0.4493065099773118,0.04426182340442306
298,299,0.3949773907336527,0.11023211112245258,0.49479049814389475
299,300,0.30353697237445154,0.19658724430200913,0.49987578332353966
300,301,0.3504842219793139,0.31041012498550263,0.3391056530351839
301,302,0.47927580130954917,0.41940831437704357,0.10131588431340731
302,303,0.5001104319423298,0.49979062737698876,9.894068068157209e-05
303,304,0.4583443074741663,0.45078316249277073,0.09087253003306323
304,305,0.4673505363646324,0.2310015815481049,0.3016478820872631
305,306,0.4950449727868811,0.2728140113096112,0.23214101590350833
306,307,0.10591692551896335,0.5209494133365858,0.373133661144451
307,308,0.6017608223352092,0.1841929446714622,0.2140462329933282
308,309,0.404979130016172,0.4866608875202684,0.10835998246356005
309,310,0.4518296912540634,0.5394350123450669,0.008735296400869298
310,311,0.34264535188153356,0.4840675073300472,0.17328714078841898
311,312,0.5280825895866523,0.40692573114023456,0.06499167927311282
312,313,0.4946099140688963,0.49268402046789606,0.012706065463207518
313,314,0.4916312341164043,0.01932483262021603,0.48904393326337975
314,315,0.5084814613653832,0.006033369051319371,0.4854851695832977
315,316,0.3997143987957733,0.1674196383043865,0.4328659628998402
316,317,0.22231046482304237,0.40278230204216403,0.37490723313479335
317,318,0.4350705034667309,0.27325571703880314,0.29167377949446627
318,319,0.49386202080225733,0.015022108161082418,0.4911158710366605
319,320,0.5011454427785783,0.04315648540778057,0.45569807181364097
320,321,0.49392428889474344,0.044535352769703926,0.46154035833555307
321,322,0.4686513105122967,0.029027807156554484,0.5023208823311482
322,323,0.37247415073522266,0.3502477977846779,0.27727805148009965
323,324,0.40479133676986667,0.22616267783004781,0.3690459854000854
324,325,0.49940633879326923,1.843223779449464e-05,0.5005752289689362
325,326,0.486965681182805,0.4480583989249458,0.0649759198922498
326,327,0.4773513380947535,0.49199889623002435,0.030649765675221718
327,328,0.4218083641479518,0.3114600815777854,0.2667315542742633
328,329,0.45924455978939593,0.10990593641959708,0.43084950379100656
329,330,0.4346419354666025,0.5070390487652618,0.05831901576813586
330,331,0.46193404159535006,0.5056253668154943,0.032440591589155056
331,332,0.1044619628092335,0.5034035998684737,0.39213443732229253
332,333,0.35036735613900866,0.1906783854698379,0.45895425839115295
333,334,0.23546198517493833,0.24523299333840526,0.5193050214866562
334,335,0.3561540487336139,0.4617308091170455,0.18211514214934058
335,336,0.47082811172162903,0.5117451426142744,0.017426745664096535
336,337,0.3641165794796663,0.40795589172044777,0.2279275287998857
337,338,0.5682246083245783,0.3453189072313448,0.0864564844440773
338,339,0.5447428705224152,0.2980780812174066,0.15717904826017812
339,340,0.4201566800343204,0.405579848059587,0.1742634719060929
340,341,0.36290074330252375,0.32869381378665813,0.3084054429108179
341,342,0.3752918674286223,0.30143443045515855,0.3232737021162191
342,343,0.40810698334703066,0.3682763187495236,0.223616697903446
343,344,0.3664479642571982,0.37522406400211367,0.2583279717406886
344,345,0.22400380509110604,0.2890929897364972,0.4869032051723965
345,346,0.39630485857860265,0.5400571068862217,0.063638034535176
346,347,0.5337508100322517,0.43221173564274873,0.034037454324999696
347,348,0.3368893681299479,0.47041620941829215,0.1926944224517606
348,349,0.26631960606260774,0.344930166627302,0.38875022731009
349,350,0.3450785616670194,0.5055214409097593,0.14939999742322135
350,351,0.4707827383292529,0.42805678470743896,0.10116047696330835
351,352,0.49173353061746794,0.5027834762253683,0.005482993157163713
352,353,0.4995558645238788,0.00040427080376759494,0.5000398646723535
353,354,0.2862367485730805,0.14342020677182943,0.5703430446550897
354,355,0.4666988452827161,0.5026473234709862,0.03065383124629784
355,356,0.2946314493480329,0.3306928544483009,0.3746756962036661
356,357,0.47812682528498107,0.4663855901045254,0.05548758461049416
357,358,0.5010318625619998,0.4977442034807314,0.0012239339572684112
358,359,0.5049237956890136,0.4846672135966605,0.010408990714325429
359,360,0.5065552075851778,0.37077285108339814,0.122671941331424
360,361,0.488000126551848,0.5089761593823404,0.0030237140658113857
361,362,0.45424006807083983,0.04665929489533975,0.4991006370338213
362,363,0.2347215062395086,0.5978461397253358,0.16743235403515544
363,364,0.3836416453635833,0.37582938851362163,0.2405289661227945
364,365,0.45785343494758346,0.4647342181529998,0.07741234689941731
365,366,0.46701511669258366,0.012970393350102393,0.5200144899573138
366,367,0.5180222161335903,0.4583647862750314,0.02361299759137782
367,368,0.48795294942006845,0.5083963157970157,0.003650734782915433
368,369,0.5075339881598547,0.3761363868565239,0.11632962498362169
369,370,0.42318286551488404,0.041999811734438286,0.534817322750678
370,371,0.5146803467498675,0.2705217479351766,0.21479790531495574
371,372,0.4901238317195744,0.3614542586229652,0.1484219096574605
372,373,0.4670602894928705,0.45462201584765005,0.07831769465947894
373,374,0.520464252955312,0.3794630894391637,0.10007265760552442
374,375,0.33491716316098835,0.09265340100499377,0.5724294358340176
375,376,0.4030925853655935,0.2964366061268886,0.3004708085075171
376,377,0.49021582550843845,0.4927584773100839,0.017025697181477707
377,378,0.4867347211525667,0.46153729964579776,0.05172797920163599
378,379,0.4054422603669148,0.41958415144333594,0.17497358818974965
379,380,0.554846310660033,0.3807600159205864,0.06439367341938033
380,381,0.2936077154962146,0.43250538949671774,0.2738868950070674
381,382,0.5037440469109801,0.4360427837245067,0.06021316936451296
382,383,0.4911700845724875,0.0011075568156616023,0.5077223586118507
383,384,0.5365267410837067,0.25236823575880596,0.2111050231574873
384,385,0.45086468166816873,0.2635460035140613,0.28558931481776945
385,386,0.4776991197659861,0.44971002786287634,0.07259085237113753
386,387,0.4922451441214144,0.49136392107834903,0.016390934800236557
387,388,0.3699404041311487,0.48840407628440446,0.14165551958444697
388,389,0.3205183256394192,0.33058485148822503,0.3488968228723557
389,390,0.4953056079534072,0.06138895568155996,0.443305436365033
390,391,0.25967916835942817,0.42670286670500734,0.3136179649355646
391,392,0.4999504607726987,0.4994263202287594,0.0006232189985419949
392,393,0.4139993824410791,0.5123907585690549,0.07360985898986572
393,394,0.27260061939954355,0.42731244118661577,0.30008693941384007
394,395,0.34378740936579477,0.3801661939345501,0.27604639669965464
395,396,0.3832022565324859,0.46084042469333053,0.15595731877418353
396,397,0.05940674606269659,0.44691644888086995,0.4936768050564323
397,398,0.3153301680139186,0.41494164218521,0.2697281898008706
398,399,0.5075655381264583,0.01002698282017417,0.4824074790533676
399,400,0.5082989502870476,0.014847070919627097,0.4768539787933252
400,401,0.5450493729493283,0.41245859064797746,0.04249203640269434
401,402,0.5211652064828022,0.42915558353447186,0.049679209982725896
402,403,0.3907657658707289,0.4187975852061923,0.19043664892307852
403,404,0.5105178829514497,0.47835815635110734,0.01112396069744313
404,405,0.5011348858141207,0.0019084078617362683,0.49695670632414296
405,406,0.4713091848520787,0.06930395589853593,0.4593868592493853
406,407,0.4924242235421307,0.0040748579235609815,0.5035009185343082
407,408,0.47679439516250294,0.19304094208162012,0.33016466275587714
408,409,0.4928885260151593,0.4578189070630634,0.04929256692177785
409,410,0.4916979611274806,0.48707624673873373,0.02122579213378533
410,411,0.4540045846009748,0.3683869208059093,0.1776084945931158
411,412,0.4119667710156556,0.355435492869402,0.23259773611494272
412,413,0.5337056545647486,0.06110371847951401,0.4051906269557373
413,414,0.4906112158309414,0.20075395555227574,0.3086348286167824
414,415,0.47837015956550977,0.3949943022664839,0.12663553816800652
415,416,0.5441039303882589,0.36433092377441656,0.09156514583732461
416,417,0.4881560089682748,0.4627091696384257,0.04913482139329954
417,418,0.4621036295278442,0.4716147386444797,0.06628163182767646
418,419,0.5215866155696643,0.020284902530578,0.45812848189975797
419,420,0.48155221958343614,0.15345344399443406,0.36499433642212936
420,421,0.4961776928086607,0.004571450677076513,0.4992508565142627
421,422,0.5291291142619108,0.3254892378466641,0.14538164789142496
422,423,0.11446843855411039,0.6064646365887055,0.2790669248571838
423,424,0.3989153237794518,0.37126445261593843,0.22982022360460913
424,425,0.3797992560413893,0.12278099176357454,0.4974197521950361
425,426,0.4499639795915642,0.34829893829586445,0.20173708211257196
426,427,0.005544763844911554,0.5197310766969486,0.4747241594581397
427,428,0.06489671344599372,0.6040940313472106,0.33100925520679547
428,429,0.40795977996545063,0.3538016340972525,0.2382385859372964
429,430,0.3926110254516452,0.3682767770816055,0.23911219746674883
430,431,0.4404165977412609,0.4289608895873291,0.1306225126714102
431,432,0.4793327508845534,0.5045823796953333,0.01608486942011289
432,433,0.32438869082258004,0.45976001793048826,0.21585129124693084
433,434,0.3404528054827871,0.1984906092998029,0.46105658521741016
434,435,0.11769024751124386,0.3767323572674416,0.5055773952213148
435,436,0.4934049030134532,0.015761906858264795,0.49083319012828225
436,437,0.302053956839179,0.4096811598282972,0.288264883332523
437,438,0.48915892191765936,0.0013475235783687327,0.5094935545039722
438,439,0.5052945881989197,0.0025914260040564327,0.49211398579702403
439,440,0.47695198934331773,0.2829527182062644,0.24009529245041733
440,441,0.5303668007978327,0.4233060606217946,0.04632713858037254
441,442,0.4916486769483901,0.4905094121419598,0.017841910909650243
442,443,0.39654117888392826,0.2742410727174591,0.32921774839861206
443,444,0.21734592192851385,0.31174389180408224,0.4709101862674043
444,445,0.49087700989336064,0.4868345917917864,0.02228839831485302
445,446,0.505729919212955,0.48793985197985157,0.006330228807193319
446,447,0.4146855536847756,0.5055310273116411,0.07978341900358367
447,448,0.5241598621061725,0.05778705281618004,0.4180530850776473
448,449,0.49935301806228977,0.00042541766191388377,0.5002215642757963
449,450,0.5074813043019816,0.48633156745512385,0.0061871282428944945
450,451,0.4550591877845704,0.3464170545223707,0.19852375769305852
451,452,0.0034451758016342364,0.5066874144508239,0.4898674097475422
452,453,0.3033984699167743,0.33523244602960267,0.3613690840536228
453,454,0.426489265401604,0.055444042551548334,0.5180666920468477
454,455,0.5130012561038118,0.22564788302475977,0.2613508608714282
455,456,0.4757305303915839,0.3243889822954321,0.19988048731298427
456,457,0.25164604063888,0.17654441763365927,0.5718095417274601
457,458,0.45590533801495053,0.3569696550255144,0.18712500695953568
458,459,0.45267637359440516,0.491541918102256,0.05578170830333903
459,460,0.47061456691500475,0.4250942296974521,0.10429120338754289
460,461,0.31748350366122413,0.27823175754815205,0.40428473879062377
461,462,0.48557251641200966,0.4775095862960388,0.03691789729195167
462,463,0.5185271069335616,0.29751796955526205,0.18395492351117612
463,464,0.5236360149721219,0.41359441976403744,0.06276956526384068
464,465,0.4969272953281863,0.5028325439404758,0.00024016073133754337
465,466,0.35671599054387104,0.07837479736936837,0.5649092120867608
466,467,0.2083014349154571,0.5146578589367532,0.27704070614779
467,468,0.25772875260633166,0.5378115548665376,0.20445969252713067
468,469,0.40890775281220326,0.23344948710333885,0.3576427600844575
469,470,0.503328926919608,0.4962914458922489,0.00037962718814239934
470,471,0.5268342636857509,0.10420095416469688,0.368964782149552
471,472,0.5277877067787946,0.46396882428950725,0.008243468931698352
472,473,0.2853089199451408,0.19855466898845747,0.5161364110664015
473,474,0.4627282874588935,0.2630815196873135,0.2741901928537926
474,475,0.4456918347480024,0.40127071225474303,0.15303745299725477
475,476,0.09584819020141626,0.6224044939951836,0.28174731580339907
476,477,0.3961901320105253,0.36882916860822723,0.23498069938124724
477,478,0.25121902807877144,0.14256312765791126,0.6062178442633177
478,479,0.2509572912704292,0.14532289049817693,0.603719818231394
479,480,0.4067374932585347,0.1572190176722591,0.4360434890692066
480,481,0.4234297323834376,0.34983037619576,0.22673989142080178
481,482,0.5026360188338242,0.3335981983273868,0.16376578283878845
482,483,0.498363196860862,0.0001118554296115242,0.5015249477095263
483,484,0.4112391726496353,0.1361866937929048,0.4525741335574604
484,485,0.44534339914661947,0.11284874113358416,0.4418078597197964
485,486,0.5132586032498871,0.3346395558152253,0.1521018409348873
486,487,0.4759735386727188,0.2456001251506178,0.2784263361766634
487,488,0.4543524429216773,0.2111992719257713,0.3344482851525519
488,489,0.5240199487679291,0.2265229205205157,0.24945713071155542
489,490,0.5544576885045244,0.26165187948643953,0.183890432009036
490,491,0.49800456378857516,0.09985054446075306,0.402144891750672
491,492,0.48523794863594855,0.012882516463341697,0.5018795349007092
492,493,0.2614807565867968,0.16376607783952105,0.5747531655736822
493,494,0.4872147339808845,0.5050542088316771,0.007731057187439253
494,495,0.6303956419873971,0.13296422329810545,0.23664013471449766
495,496,0.011629245775850608,0.4941028503264149,0.49426790389773545
496,497,0.4308082901234518,0.5502541193982616,0.018937590478286255
497,498,0.5384000922818344,0.3641657349135518,0.09743417280461396
498,499,0.4925601096123267,0.3715410002870116,0.13589889010066178
499,500,0.46139565423690215,0.13679310567471747,0.4018112400883802
500,501,0.3644415772870697,0.12411329755515116,0.5114451251577791
501,502,0.44094362155286815,0.1657451826743715,0.39331119577275997
502,503,0.02178766459062835,0.5034564034090796,0.4747559320002921
503,504,0.4382508726586229,0.3720237821823669,0.18972534515901057
504,505,0.45987265692777685,0.47437998171676243,0.06574736135546039
505,506,0.556784117018138,0.29423051024794616,0.14898537273391546
506,507,0.5405027544879345,0.1589384439863231,0.300558801525742
507,508,0.47943222816803965,0.493715152849992,0.026852618981968116
508,509,0.13420351707985925,0.41938245989781797,0.44641402302232297
509,510,0.5252412158923673,0.029993569282298755,0.4447652148253341
510,511,0.3855824057508076,0.19173594586827958,0.42268164838091277
511,512,0.5863929445047619,0.22822032456956762,0.18538673092567037
512,513,0.42986708618351405,0.3315698867380659,0.23856302707842048
513,514,0.3761534657322554,0.23511409896006688,0.38873243530767765
514,515,0.49999820441997894,0.5000017952282867,3.51734534800784e-10
515,516,0.4966699732678697,0.4665256222225735,0.03680440450955696
516,517,0.4910176417460094,0.5059749221304215,0.0030074361235684203
517,518,0.4590165731815048,0.4838118526024218,0.057171574216073634
518,519,0.359732277948686,0.4214874165725204,0.2187803054787935
519,520,0.026644875802763906,0.48807862458838525,0.4852764996088513
520,521,0.5080622910329132,0.43268082116231993,0.0592568878047671
521,522,0.5277883176152759,0.23137306787852813,0.24083861450619565
522,523,0.49015631819337424,0.3828418155338238,0.1270018662728024
523,524,0.45878967651732633,0.46610958027637306,0.07510074320630082
524,525,0.5385224226367312,0.3958952323084895,0.0655823450547795
525,526,0.4934843597401722,0.4425374202516207,0.06397822000820721
526,527,0.457324420146094,0.4527518239253895,0.08992375592851624
527,528,0.4849937382784332,0.48579064340038824,0.029215618321178596
528,529,0.4373776710407619,0.36040070387650813,0.20222162508272992
529,530,0.5019197082274114,8.053156809426791e-05,0.4979997602044943
530,531,0.43457898067722023,0.06721783520955181,0.4982031841132288
531,532,0.449350780424884,0.31064940436664334,0.23999981520847255
532,533,0.4292292831271571,0.43395578584415795,0.13681493102868533
533,534,0.4432871556608659,0.4479653909616678,0.10874745337746636
534,535,0.37411364540063785,0.3927332669431375,0.23315308765622486
535,536,0.44487959550383455,0.404588820957354,0.15053158353881127
536,537,0.5109586454292486,0.42147434260641825,0.06756701196433314
537,538,0.46552074245331926,0.4057075937819224,0.1287716637647588
538,539,0.49520113465384424,0.26430721102968013,0.2404916543164758
539,540,0.48443868850261457,0.4587457537563559,0.05681555774102937
540,541,0.47204671810466947,0.4690400789353725,0.058913202959957875
541,542,0.462146030780104,0.418629180699688,0.11922478852020768
