,Window_Index,Loading_Temperature_Prop,Loading_force_Prop,Loading_Voltage_Prop
0,1,0.04236377154010062,0.5008949740250064,0.4567412544348931
1,2,0.039994995411817884,0.42410291524851007,0.5359020893396718
2,3,0.4118802519731574,0.4195578538933849,0.16856189413345746
3,4,0.3937216658513012,0.5015562672067627,0.1047220669419363
4,5,0.498136287530847,0.4927982343980023,0.009065478071150188
5,6,0.4898321632009113,0.4928510321389755,0.017316804660113663
6,7,0.24304464802504314,0.46669777179869776,0.29025758017625936
7,8,0.5039503789613778,0.4705692482823774,0.02548037275624488
8,9,0.4544658144090999,0.5034004358624484,0.04213374972845164
9,10,0.31303640428656543,0.4970806900491988,0.1898829056642357
10,11,0.5010149248920596,0.49430620719598417,0.004678867911955848
11,12,0.5029386721382719,0.38887543690639226,0.10818589095533582
12,13,0.29394454335751974,0.3676401994803246,0.33841525716215626
13,14,0.5043192678096792,0.46482940067653555,0.030851331513785638
14,15,0.5038456880483808,0.0018476227348936003,0.4943066892167257
15,16,0.04483151045685914,0.5155639107380771,0.4396045788050639
16,17,0.4003308896150935,0.09189760709634194,0.5077715032885645
17,18,0.4535629700865185,0.2707838602649584,0.2756531696485229
18,19,0.504560254993705,0.44320860064798323,0.05223114435831216
19,20,0.43017519359578565,0.5061351735713772,0.06368963283283668
20,21,0.4633444581356081,0.5131861249245105,0.02346941693988161
21,22,0.47215957217876126,0.5059121633718972,0.02192826444934121
22,23,0.49999044704147894,0.49046810916788164,0.009541443790639306
23,24,0.4965946930299124,0.47656915206247774,0.02683615490760908
24,25,0.48302702611723936,0.5083745480301085,0.008598425852651623
25,26,0.4992686933573848,0.4899021306750881,0.010829175967527175
26,27,0.3783047492199772,0.23834869519510457,0.38334655558491815
27,28,0.4024926451510124,0.5225307307379878,0.07497662411099953
28,29,0.5036736005933959,0.49560433592376485,0.0007220634828388123
29,30,0.5032726920398412,0.20925440648168292,0.2874729014784758
30,31,0.481189702284149,0.0439390114455606,0.47487128627028985
31,32,0.5240887082877548,0.4643075525503594,0.0116037391618857
32,33,0.5115750072351922,0.4245954902774434,0.06382950248736459
33,34,0.49850721105724727,0.42294134343079703,0.07855144551195543
34,35,0.4227461513968172,0.29557005978881834,0.281683788814365
35,36,0.43400110614916887,0.1776490419447761,0.38834985190605537
36,37,0.19088052255769267,0.286798987377096,0.5223204900652113
37,38,0.49647639934140464,0.502707524636792,0.0008160760218026267
38,39,0.4265948691885863,0.40903440404094865,0.16437072677046438
39,40,0.2757497662645232,0.40179240798195,0.32245782575352666
40,41,0.5003825308489056,0.4875540569244219,0.012063412226672877
41,42,0.4649473114580936,0.4633153842495246,0.07173730429238223
42,43,0.41855737147641164,0.337868001370861,0.24357462715272765
43,44,0.498262250254251,0.5011463762109818,0.0005913735347671452
44,45,0.00025436158765008803,0.5012535635127604,0.4984920748995895
45,46,0.004719352202080878,0.4961554941780999,0.49912515361982
46,47,0.029692946855581655,0.47812432029901064,0.49218273284540803
47,48,0.026028679356719105,0.4844755749250515,0.48949574571822907
48,49,0.3408519950345743,0.3896519313372906,0.26949607362813577
49,50,0.3408764911731571,0.4073383427774711,0.2517851660493725
50,51,0.506912630694696,0.02538876233300091,0.4676986069723036
51,52,0.47757663882976126,0.07084673250285037,0.45157662866738785
52,53,0.4612687697536375,0.08746296465812428,0.45126826558823796
53,54,0.4991094067275191,0.004548167931340571,0.4963424253411404
54,55,0.4021370107107161,0.19512397168053114,0.4027390176087529
55,56,0.3723734651248628,0.26063958994600617,0.3669869449291312
56,57,0.3693525844898977,0.26826683790839084,0.36238057760171094
57,58,0.4156624527675594,0.174272797729008,0.41006474950343264
58,59,0.43058932265915734,0.1384509695536855,0.4309597077871574
59,60,0.39377597070570364,0.21114676703975502,0.39507726225454143
60,61,0.3836979889692601,0.2349844974770894,0.38131751355365007
61,62,0.3829347940132212,0.2459026717166047,0.3711625342701746
62,63,0.3730862460914287,0.2550280153869879,0.371885738521583
63,64,0.3816970770142708,0.25507818200892596,0.3632247409768034
64,65,0.4282443738684144,0.2037286855116471,0.3680269406199384
65,66,0.49661578915994326,0.11274496070633892,0.39063925013371775
66,67,0.4375455738302259,0.10363357004291562,0.4588208561268589
67,68,0.40532932310524233,0.17660677563045746,0.41806390126430043
68,69,0.4116629274483353,0.2384338734892065,0.3499031990624579
69,70,0.46845052480672494,0.4189392504626202,0.11261022473065434
70,71,0.45165859921831514,0.1911774367535359,0.3571639640281492
71,72,0.40558799996608946,0.304727280602076,0.28968471943183444
72,73,0.38370875262040216,0.2589650708378502,0.35732617654174753
73,74,0.3834219871569733,0.2343732904182207,0.38220472242480563
74,75,0.39975207639774435,0.19981050208607987,0.4004374215161757
75,76,0.4419480562380939,0.11572320877529192,0.4423287349866149
76,77,0.3846953977672681,0.22829031467719343,0.3870142875555385
77,78,0.43196080176717694,0.13352118548459999,0.4345180127482237
78,79,0.4277901580024683,0.16657604253769565,0.40563379945983624
79,80,0.46865162776507163,0.0934202871744663,0.43792808506046194
80,81,0.45425114553842766,0.11851808040830565,0.4272307740532667
81,82,0.49827872520166433,0.0020176634342948634,0.499703611364041
82,83,0.4986558088174887,0.002859182960332395,0.49848500822217917
83,84,0.48716179527093084,0.023747623568731727,0.48909058116033766
84,85,0.38367273819935666,0.22314876609863377,0.39317849570200925
85,86,0.38150859018328087,0.21496988867778807,0.40352152113893125
86,87,0.3920752579818328,0.19426703019945757,0.4136577118187105
87,88,0.4247393832105225,0.15002587941484066,0.4252347373746366
88,89,0.3158662647704919,0.21553950246649856,0.46859423276301
89,90,0.4195203813986329,0.08314651894339271,0.4973330996579743
90,91,0.46084209191023046,0.2697927839654089,0.2693651241243608
91,92,0.40683396631000895,0.299548550047445,0.29361748364254625
92,93,0.3975539522627473,0.27670931571188717,0.3257367320253652
93,94,0.4027622608154537,0.18258018352277142,0.41465755566177537
94,95,0.39583460464079817,0.21720879291956766,0.3869566024396345
95,96,0.4088448500365536,0.18638354901437473,0.4047716009490721
96,97,0.39556070654129405,0.2088352024484314,0.3956040910102745
97,98,0.4572847750005713,0.1094611172900439,0.4332541077093843
98,99,0.44731611034279406,0.09170606174383199,0.4609778279133739
99,100,0.4924950452416273,0.007512246859286764,0.4999927078990864
100,101,0.4986103061705816,0.002550901337131299,0.4988387924922868
101,102,0.5010075789330323,0.0009647701741105839,0.4980276508928574
102,103,0.5021660831017852,0.001695594773011629,0.4961383221252033
103,104,0.49936522326270594,0.0042981337072923115,0.49633664303000163
104,105,0.4958652897659295,0.0053550673690316835,0.4987796428650386
105,106,0.4974697710201417,0.0034748532215266017,0.4990553757583312
106,107,0.45888855105589116,0.05033072188183948,0.49078072706226944
107,108,0.49996485954478653,0.0038370565198835504,0.49619808393532955
108,109,0.5057997867512397,0.29003137215461566,0.2041688410941449
109,110,0.49604856348327103,0.0032895276783001387,0.5006619088384289
110,111,0.4509030601476458,0.07728086355878847,0.47181607629356526
111,112,0.45798060473146474,0.07162223010488077,0.4703971651636553
112,113,0.4162031035653585,0.14792250597864975,0.43587439045599186
113,114,0.39185703885717155,0.16440034100904535,0.4437426201337835
114,115,0.49504578462563176,0.010229682588782606,0.49472453278558565
115,116,0.49557080760393024,0.0075997945322398225,0.49682939786383007
116,117,0.46620997175140505,0.07082054757668803,0.46296948067190646
117,118,0.4012968414516481,0.15954862360627958,0.43915453494207235
118,119,0.4999578280767485,5.9971274366846565e-06,0.500036174795815
119,120,0.4807091498786865,0.05408923413103843,0.46520161599027515
120,121,0.4554811090526477,0.12249633812070229,0.4220225528266498
121,122,0.450877310852663,0.11815591835329604,0.4309667707940416
122,123,0.4556685942294106,0.09260212142376775,0.4517292843468222
123,124,0.4485638008877983,0.09473798258434851,0.45669821652785353
124,125,0.3908602267433059,0.1916500780556607,0.41748969520103363
125,126,0.3861218144059717,0.19645953177049075,0.41741865382353777
126,127,0.48688159883576715,0.021055540600794176,0.49206286056343873
127,128,0.46994810950994703,0.05123977861064332,0.4788121118794098
128,129,0.49404186411555473,0.01706624192402167,0.4888918939604236
129,130,0.4618760858612386,0.06749181559456177,0.4706320985441999
130,131,0.43625057333713957,0.12353816220004857,0.44021126446281106
131,132,0.39626620436169413,0.16768875408643308,0.4360450415518729
132,133,0.5146755212449311,0.015297850915510334,0.4700266278395584
133,134,0.4894925017082311,0.014336674101572515,0.49617082419019654
134,135,0.500094332271997,4.651236718280801e-05,0.4998591553608202
135,136,0.4904361456167108,0.02821331425380497,0.4813505401294844
136,137,0.48751907112819604,0.03278907291034282,0.4796918559614606
137,138,0.49112162628403183,0.02173158053039442,0.4871467931855737
138,139,0.4895081903815708,0.017067147724847916,0.49342466189358125
139,140,0.4920083160956047,0.022329789570173595,0.4856618943342219
140,141,0.49903697669297065,0.0010897582917839045,0.499873265015246
141,142,0.48434787287942366,0.037825951750084096,0.4778261753704929
142,143,0.47662514340248313,0.03690526143486945,0.4864695951626478
143,144,0.4628537037209897,0.06045480776847226,0.476691488510538
144,145,0.4107647432565362,0.15714688626197734,0.43208837048148624
145,146,0.48326778266234066,0.02313926822553151,0.49359294911212803
146,147,0.46242148153969886,0.0801704241319833,0.4574080943283172
147,148,0.4444584649703476,0.11686751410981966,0.43867402091983293
148,149,0.4550124651197759,0.10107959776777115,0.4439079371124535
149,150,0.4113617205859779,0.1974835185864223,0.3911547608276004
150,151,0.44774771189650087,0.1378197361944547,0.4144325519090444
151,152,0.4455354553359262,0.11235273579849023,0.4421118088655832
152,153,0.40944798446826897,0.19212906441099475,0.3984229511207363
153,154,0.3811235368143347,0.2364469659730111,0.38242949721265385
154,155,0.40785912595756635,0.1872117515136905,0.4049291225287433
155,156,0.44433525025387166,0.11800816911187632,0.4376565806342521
156,157,0.49932860957673014,0.001113358575484807,0.49955803184778563
157,158,0.4734557339154848,0.0462575695516225,0.4802866965328925
158,159,0.47862985992458157,0.05224661274494696,0.469123527330472
159,160,0.4158139609234995,0.18084595619416047,0.4033400828823403
160,161,0.41245345174838083,0.17906163436221328,0.4084849138894053
161,162,0.46147594812714865,0.07634650602618286,0.4621775458466689
162,163,0.4928593177885816,0.012589858446187532,0.4945508237652302
163,164,0.4886515981439845,0.023034420915689458,0.4883139809403258
164,165,0.45429010777817735,0.08513999574128397,0.4605698964805388
165,166,0.4987847291250797,0.002474305136384251,0.49874096573853594
166,167,0.4823143294913953,0.03558033936861045,0.48210533113999415
167,168,0.49900484761669894,0.00222739610772124,0.49876775627558023
168,169,0.4978588362726524,0.005304470207700165,0.4968366935196478
169,170,0.4871582894192763,0.02058447928474766,0.4922572312959757
170,171,0.4887345685742369,0.01600369810105768,0.49526173332470486
171,172,0.4981711333696589,0.0030839930902211298,0.49874487354011987
172,173,0.5000294052261459,4.3977901663182915e-05,0.4999266168721904
173,174,0.4984092769892126,0.007437273785454323,0.49415344922533316
174,175,0.4683538064019556,0.06067109563397889,0.47097509796406534
175,176,0.4981618334944661,0.002796115245193481,0.49904205126034057
176,177,0.4977027932937109,0.005352431028029163,0.4969447756782604
177,178,0.4963798909574449,0.007652957926952952,0.4959671511156026
178,179,0.4845957905534825,0.038384597582564364,0.47701961186395286
179,180,0.4249976663103612,0.15713253321709897,0.4178698004725395
180,181,0.45144874946338126,0.12676857959797896,0.42178267093864075
181,182,0.4731908196858215,0.04484655398377791,0.48196262633040055
182,183,0.43754660975496834,0.1324099971155972,0.4300433931294341
183,184,0.4070267104748751,0.1928282942251989,0.40014499529992653
184,185,0.38984801908199057,0.23417833225585294,0.3759736486621565
185,186,0.4205389259308489,0.15401667339954114,0.4254444006696102
186,187,0.4974445515267294,0.005679321708877626,0.49687612676439286
187,188,0.49957531565413155,0.000673694517330393,0.49975098982853877
188,189,0.4933408710684197,0.014889440530317278,0.4917696884012631
189,190,0.4897857644180866,0.018975465549389996,0.4912387700325226
190,191,0.4906170674146453,0.02220857163187709,0.4871743609534776
191,192,0.47054829515528257,0.05847283894605193,0.4709788658986655
192,193,0.47740378012951945,0.03706782361368147,0.4855283962567989
193,194,0.49952029102353385,0.0009509849444546773,0.49952872403201154
194,195,0.4968621189898982,0.007621893788838374,0.4955159872212633
195,196,0.49979372921006243,0.0001446593605166959,0.5000616114294207
196,197,0.4950028859086494,0.010425593292905017,0.49457152079844596
197,198,0.49709495067583226,0.0054625543912040905,0.4974424949329638
198,199,0.47924332894806365,0.04077579953714964,0.47998087151478624
199,200,0.48841896470242596,0.022620469245905446,0.48896056605166865
200,201,0.46848444009739004,0.06595907584972713,0.4655564840528829
201,202,0.49774636803240396,0.0034685356642957994,0.49878509630330004
202,203,0.4986820188150088,0.004465522341429618,0.49685245884356205
203,204,0.4872126129833856,0.025958900582101218,0.48682848643451276
204,205,0.4903914184978251,0.018030666347149876,0.4915779151550246
205,206,0.4957150432130909,0.00873051666835753,0.4955544401185517
206,207,0.49642480848137505,0.007789603347978082,0.4957855881706475
207,208,0.48540067915032187,0.03486303966609345,0.47973628118358447
208,209,0.499958378055843,8.026729481910298e-06,0.5000335952146752
209,210,0.474511245204851,0.05364048420952275,0.47184827058562645
210,211,0.47638984632823106,0.04988138974512,0.4737287639266494
211,212,0.49987389214772193,0.00024262277132692487,0.49988348508095115
212,213,0.4838932776374743,0.032439462279473606,0.48366726008305255
213,214,0.4915688512375579,0.021718503932891868,0.48671264482955057
214,215,0.48300997430102843,0.030361034314485016,0.4866289913844864
215,216,0.49081924166401064,0.01713273695675699,0.4920480213792321
216,217,0.49581336001851245,0.0072498983001861835,0.496936741681301
217,218,0.4993157087235081,0.001121665553765014,0.4995626257227267
218,219,0.47323344850599997,0.05353352680747988,0.47323302468651945
219,220,0.41578861489523167,0.16124672161516693,0.42296466348960177
220,221,0.41754322516744186,0.1722063717651761,0.4102504030673824
221,222,0.4997240405858327,0.0002785186688139481,0.4999974407453535
222,223,0.49663933480981143,0.007004939982667087,0.4963557252075215
223,224,0.4774438957188275,0.04650476012153715,0.4760513441596351
224,225,0.4994631601098283,0.0006118011410483194,0.4999250387491236
225,226,0.4719592927090534,0.0589874848519065,0.4690532224390398
226,227,0.467885600701141,0.06965715948678934,0.4624572398120695
227,228,0.4799549940268258,0.041299312725845035,0.47874569324732924
228,229,0.4904042847041909,0.021757868850996006,0.4878378464448127
229,230,0.4998839528093701,0.00018373112281592385,0.4999323160678134
230,231,0.49355901299760757,0.012319356232562908,0.49412163076982984
231,232,0.4852313336206049,0.0299827382454557,0.48478592813393945
232,233,0.3705280353055709,0.2512598889843555,0.3782120757100737
233,234,0.4071379903822834,0.17516793917345244,0.41769407044426404
234,235,0.47315722912102265,0.048797668694181395,0.4780451021847958
235,236,0.474809428706731,0.041766563651003584,0.4834240076422655
236,237,0.4905473525451707,0.017461302191719652,0.4919913452631096
237,238,0.48334989442423476,0.03942326312819885,0.4772268424475663
238,239,0.4228929575709602,0.1556495431860396,0.4214574992429999
239,240,0.48708086449590826,0.028680778619051592,0.4842383568850404
240,241,0.49875229430035345,0.002084501602799375,0.4991632040968474
241,242,0.49000006277181174,0.023020451783118068,0.48697948544506997
242,243,0.41780116727293576,0.16496917049177276,0.41722966223529184
243,244,0.4209724702002773,0.15071121729659104,0.42831631250313157
244,245,0.4645188101827936,0.06834681335936625,0.4671343764578402
245,246,0.4717166852288574,0.06400653992882942,0.4642767748423123
246,247,0.3986693671612128,0.19936840111944623,0.4019622317193414
247,248,0.4376860400337879,0.12452534325091444,0.4377886167152971
248,249,0.48151634613225097,0.033853820242722016,0.48462983362502626
249,250,0.49713152345830564,0.0044263161595812645,0.498442160382113
250,251,0.49990611544303315,5.776965359382765e-05,0.5000361149033729
251,252,0.4985777338791666,0.002733494330124967,0.49868877179070803
252,253,0.4787035578358077,0.04458627439311034,0.47671016777108166
253,254,0.4742244279780144,0.05660923274862702,0.46916633927335877
254,255,0.46192351582762825,0.09423499839083901,0.4438414857815328
255,256,0.43767996046785723,0.14602668152685025,0.41629335800529305
256,257,0.4089891099843697,0.19593663841215986,0.39507425160347026
257,258,0.39242945214361175,0.23384331443931758,0.3737272334170704
258,259,0.4286332221069615,0.17020071358407654,0.40116606430896146
259,260,0.49477967477353674,0.015513016846310955,0.48970730838015286
260,261,0.49344173186459334,0.01546169017526449,0.49109657796014256
261,262,0.499660677592656,0.001469854216763741,0.49886946819058037
262,263,0.46228012815316594,0.07357662074887725,0.4641432510979572
263,264,0.42957957827536375,0.14655444050018634,0.42386598122444935
264,265,0.3922704855015952,0.22207373230799954,0.38565578219040514
265,266,0.43497029487414496,0.17135569552518465,0.39367400960067067
266,267,0.49738472815464346,0.008331145863498467,0.4942841259818576
267,268,0.4132645510240434,0.18606522771498665,0.4006702212609703
268,269,0.4133523732188537,0.17858476476538895,0.4080628620157579
269,270,0.4700074648351246,0.05579011593332153,0.47420241923155326
270,271,0.49804788651442866,0.00485308020064319,0.4970990332849286
271,272,0.4983058881552344,0.0022176084269675284,0.49947650341779753
272,273,0.47895525196648975,0.0418974341801055,0.47914731385340453
273,274,0.4724785931288162,0.06616591413214917,0.461355492739035
274,275,0.4971385041114664,0.008624476249329077,0.4942370196392051
275,276,0.4942884877656952,0.014625869804218537,0.4910856424300862
276,277,0.43906220200308654,0.1232365243896244,0.4377012736072894
277,278,0.4586603535738196,0.08392166743135004,0.4574179789948306
278,279,0.45668387374472086,0.09782700418586311,0.44548912206941627
279,280,0.4685980424272981,0.07303434530441429,0.4583676122682871
280,281,0.49974300603822885,0.0017722934208846525,0.498484700540886
281,282,0.48899861714505716,0.018246076003057794,0.4927553068518858
282,283,0.488362579185239,0.028840779402069434,0.48279664141269146
283,284,0.4423849630368597,0.11704843493370312,0.4405666020294377
284,285,0.47592656764698715,0.04986950530124225,0.4742039270517703
285,286,0.4956460996268848,0.010732163933614246,0.4936217364395008
286,287,0.4933343551575572,0.012136738649915454,0.4945289061925273
287,288,0.46251078312368055,0.07491451074240708,0.4625747061339122
288,289,0.4908801188392681,0.01745666776014296,0.49166321340058944
289,290,0.5000131945404184,0.00010393899484443058,0.49988286646473706
290,291,0.4961368284268226,0.007647051084940207,0.49621612048823704
291,292,0.4995467260150778,0.0012172243605644952,0.49923604962435786
292,293,0.48828276279790084,0.021761674405267082,0.48995556279683206
293,294,0.4923115327602082,0.012853366653735565,0.4948351005860558
294,295,0.44936590662458537,0.11803122054947447,0.432602872825941
295,296,0.4356906339417522,0.13327863077833307,0.4310307352799145
296,297,0.46521336882665765,0.08406628426195407,0.45072034691138807
297,298,0.4531770486379364,0.13140934954868047,0.4154136018133834
298,299,0.4846306347477699,0.0639732798425888,0.45139608540964105
299,300,0.48488023739486463,0.03289517239373343,0.48222459021140235
300,301,0.48092435918173865,0.022701155436659043,0.49637448538160295
301,302,0.48656963513617424,0.07948352687019036,0.4339468379936357
302,303,0.4881819512921307,0.02080624318102204,0.49101180552684737
303,304,0.4518145779257472,0.11578952176377381,0.43239590031047836
304,305,0.49971651165360875,0.011446986261727602,0.4888365020846639
305,306,0.4465566578253646,0.14195380515160366,0.41148953702303154
306,307,0.4064198142594743,0.20333973356381707,0.3902404521767082
307,308,0.5026515201633108,0.002331734048702504,0.495016745787987
308,309,0.49092717963549143,0.0799524318607644,0.42912038850374395
309,310,0.5003455549823755,0.0013404301507902382,0.49831401486683413
310,311,0.46378248618035317,0.08435973141480771,0.4518577824048387
311,312,0.4939402719430145,0.006281909872665265,0.4997778181843201
312,313,0.489929977572105,0.017377637780078226,0.49269238464781706
313,314,0.4958825080152294,0.010796457131037697,0.49332103485373274
314,315,0.48305663518188124,0.03379425230697937,0.4831491125111394
315,316,0.49736717322647683,0.0038347791001395177,0.4987980476733828
316,317,0.4996389218881991,0.0007086920141684559,0.49965238609763263
317,318,0.48556734288286607,0.028454031834538807,0.4859786252825951
318,319,0.4625753359674846,0.12130695441992287,0.41611770961259215
319,320,0.5002811344335272,4.1013927616033074e-05,0.49967785163885653
320,321,0.4913623091703534,0.03172772560160931,0.4769099652280372
321,322,0.49959577850865206,0.002564088802882846,0.49784013268846555
322,323,0.491935451431208,0.017166832778148466,0.49089771579064345
323,324,0.4943318492888415,0.012261166626442974,0.4934069840847158
324,325,0.49816094122089305,0.004686260825936139,0.49715279795317113
325,326,0.4683205326634812,0.08283019518571114,0.44884927215080844
326,327,0.4571777150989521,0.12173258369114515,0.4210897012099024
327,328,0.4823290854979255,0.047221571431089786,0.470449343070985
328,329,0.5004482100055967,0.0020852102582446775,0.4974665797361584
329,330,0.496381952584762,0.0016351765697601775,0.5019828708454779
330,331,0.49703721543442025,0.008683047017609562,0.49427973754797055
331,332,0.4958933199587494,0.005939335287915568,0.4981673447533349
332,333,0.48643139428934684,0.02205027338984045,0.4915183323208129
333,334,0.4997438219568285,0.0007162818384565324,0.49953989620471595
334,335,0.49998798504547626,1.5675212472307693e-07,0.5000118582023987
335,336,0.48741931191132665,0.02622767671834126,0.48635301137033204
336,337,0.46474231754680134,0.08386647766880193,0.451391204784397
337,338,0.4983734591461763,0.0048509426253675715,0.4967755982284564
338,339,0.46616225330544564,0.06796158287635992,0.4658761638181941
339,340,0.4993724386591416,0.0006785691260622603,0.4999489922147952
340,341,0.49456078693617617,0.008103740463438496,0.4973354726003853
341,342,0.47643467446514903,0.04498086887325781,0.4785844566615931
342,343,0.47985428010811776,0.03319117171990719,0.48695454817197487
343,344,0.4801976598830478,0.0331614937434586,0.48664084637349375
344,345,0.48832311782718785,0.028933978764779163,0.4827429034080327
345,346,0.4936308686412291,0.005782275400952444,0.5005868559578185
346,347,0.4832369320685911,0.02609995955316604,0.4906631083782429
347,348,0.4998681671050355,0.0005578676186827122,0.4995739652762814
348,349,0.49749396343125624,0.006457862929407004,0.4960481736393369
349,350,0.4882497745672629,0.10293456794765826,0.4088156574850784
350,351,0.48126208602842385,0.048508776746210784,0.47022913722536563
351,352,0.5007442222261483,0.0021117420119613245,0.4971440357618908
352,353,0.4698517857802044,0.048502721279700865,0.4816454929400949
353,354,0.4940809332631764,0.0031349853952916543,0.502784081341532
354,355,0.4781718971661014,0.03843056322704576,0.48339753960685344
355,356,0.49971835764275413,0.00158759302114157,0.49869404933610434
356,357,0.4696979684124145,0.07740899327446023,0.45289303831312483
357,358,0.4991013899542935,0.0017060598304546885,0.4991925502152518
358,359,0.49193537299694184,0.021638941744615076,0.4864256852584435
359,360,0.47355562550497105,0.06454365266130221,0.4619007218337271
360,361,0.45108087539371206,0.12378354483683958,0.425135579769449
361,362,0.48443599959425515,0.042800211114817945,0.4727637892909268
362,363,0.4989597993364105,0.0031214730189746886,0.497918727644615
363,364,0.4680999573097354,0.04895143813377977,0.4829486045564844
364,365,0.45062869997862015,0.09408520731038192,0.4552860927109982
365,366,0.4090697486634008,0.2394733125865717,0.351456938750027
366,367,0.418256862443146,0.18324406524927078,0.3984990723075823
367,368,0.4727960905183702,0.055047127520175654,0.4721567819614533
368,369,0.5004834083998593,0.0007653679684623914,0.49875122363167884
369,370,0.5008830424190368,0.011716494507186044,0.4874004630737771
370,371,0.4786764909600553,0.12981150190386728,0.3915120071360771
371,372,0.48291569659434036,0.06949185675382423,0.44759244665183495
372,373,0.4215360682691156,0.20416150984248932,0.37430242188839496
373,374,0.46882555708658624,0.1280619094600192,0.4031125334533951
374,375,0.5040697252720183,0.005545130726801229,0.49038514400118083
375,376,0.45916561746179013,0.12645243696827302,0.4143819455699363
376,377,0.21224488364194793,0.4312534329422051,0.3565016834158473
377,378,0.49503466484264796,0.08837838803322566,0.4165869471241267
378,379,0.49121910916247824,0.07043122742309876,0.4383496634144228
379,380,0.49875128646968764,0.0007075455669199976,0.5005411679633918
380,381,0.5047599160389041,0.005072884961050897,0.4901671990000449
381,382,0.45424358182033514,0.2361439810364292,0.3096124371432359
382,383,0.44392661042524484,0.09993310856232994,0.45614028101242454
383,384,0.4648822751332388,0.0602967221514912,0.4748210027152704
384,385,0.4579652821705555,0.0900252577631524,0.4520094600662923
385,386,0.4125006153829821,0.14150901720724718,0.44599036740977094
386,387,0.48243378951312615,0.03765167994454656,0.4799145305423275
387,388,0.4763148551115495,0.049246698573541206,0.47443844631490956
388,389,0.4402128874173314,0.15046962064499247,0.40931749193767647
389,390,0.430787439198567,0.16456413170125364,0.4046484291001796
390,391,0.47705771974370387,0.030180964254963444,0.49276131600133355
391,392,0.017175204073681907,0.48586124597040836,0.49696354995591
392,393,0.28650145342797145,0.3395988520862077,0.3738996944858211
393,394,0.49292815028270853,0.0032261468290222957,0.5038457028882694
394,395,0.45827401599100864,0.09437916783268177,0.44734681617630956
395,396,0.49982510563046856,8.485279808765172e-05,0.5000900415714433
396,397,0.4362682209760472,0.24809441016562855,0.31563736885832366
397,398,0.4904916371099412,0.03405077507797541,0.47545758781208286
398,399,0.4483150148976788,0.222393885003092,0.329291100099229
399,400,0.48232238665087573,0.0642614839726545,0.4534161293764697
400,401,0.4942561531412316,0.010440833829876461,0.4953030130288923
401,402,0.44960472063678425,0.1507763294761439,0.39961894988707186
402,403,0.4379173983401549,0.13231851670570902,0.42976408495413587
403,404,0.38985959435838324,0.26810177640384786,0.34203862923776895
404,405,0.4802978116380977,0.030404557452626522,0.48929763090927525
405,406,0.5080002842480603,0.0035675240948902813,0.4884321916570502
406,407,0.4784468781334036,0.046995689003948835,0.4745574328626477
407,408,0.4477828108822682,0.16483607060590139,0.38738111851183005
408,409,0.4865934321851404,0.009583908764120996,0.5038226590507386
409,410,0.22470488029855615,0.3672038286528824,0.4080912910485616
410,411,0.4451259917952399,0.07731014008756412,0.477563868117196
411,412,0.4978269154290618,0.00041580739401806,0.5017572771769196
412,413,0.4791537094835227,0.12535941293512617,0.3954868775813514
413,414,0.4977248086278807,0.004265347841735645,0.4980098435303838
414,415,0.49586428307321273,0.14161288709729042,0.36252282982949663
415,416,0.49095393932073694,0.038925660157689515,0.47012040052157417
416,417,0.4999837550049681,9.999858076033839e-06,0.5000062451369558
417,418,0.41818638367317923,0.07468479174154567,0.5071288245852749
418,419,0.455631475053491,0.31130163017351137,0.23306689477299816
419,420,0.511970382963721,0.48494405576664096,0.0030855612696378152
420,421,0.41583801825729827,0.20864862285439176,0.3755133588883108
421,422,0.4836127714351717,0.07142715622083994,0.4449600723439884
422,423,0.5023679505662779,0.013997057811533832,0.4836349916221883
423,424,0.4969679342488391,0.04077640458683838,0.46225566116432193
424,425,0.4802272393511009,0.06584100335282003,0.4539317572960789
425,426,0.582192149209687,0.28779907923881487,0.13000877155149823
426,427,0.17008990870303525,0.2837467168582694,0.5461633744386957
427,428,0.34325754353937293,0.3900290639669596,0.26671339249366777
428,429,0.43873258636853163,0.07206523289287303,0.4892021807385952
429,430,0.5002469135670871,8.725563166498788e-05,0.4996658308012481
430,431,0.48881069422204415,0.04364719999694352,0.46754210578101163
431,432,0.44380730087365416,0.30725078760424196,0.24894191152210382
432,433,0.46248098433567236,0.3056496486692107,0.2318693669951166
433,434,0.48622172853173057,0.00353838052050923,0.5102398909477605
434,435,0.3669825185426901,0.130630817505977,0.5023866639513329
435,436,0.5131978585000528,0.16121877364685433,0.32558336785309283
436,437,0.5365598826479807,0.23657424139203803,0.2268658759599812
437,438,0.5102219387665072,0.2541924761202753,0.23558558511321745
438,439,0.4915504673812992,0.4855549637850173,0.022894568833683758
439,440,0.42401671055053053,0.21474289065034957,0.36124039879911957
440,441,0.4301092960291134,0.1908183892770965,0.3790723146937902
441,442,0.4612471942828708,0.09645667778560454,0.4422961279315244
442,443,0.477522370360035,0.26479503126524645,0.25768259837471813
443,444,0.45407224143664837,0.23590474779362522,0.31002301076972666
444,445,0.4329368794225176,0.41582418160073464,0.15123893897674767
445,446,0.5060568177721372,0.4736246687016995,0.020318513526163453
446,447,0.4226772491736062,0.13379029828421368,0.4435324525421793
447,448,0.3898020723759289,0.15268464780140206,0.4575132798226691
448,449,0.4370559436516394,0.11260007748814975,0.4503439788602105
449,450,0.48229960592455356,0.15086164839229416,0.3668387456831519
450,451,0.5087230298175979,0.012978952025041063,0.47829801815736106
451,452,0.4504277499376913,0.07694324589097677,0.47262900417133147
452,453,0.5085525205744028,0.008535665273989867,0.4829118141516075
453,454,0.4813520092053345,0.030983314560911634,0.4876646762337535
454,455,0.48138525603820514,0.06013625855239863,0.45847848540939623
455,456,0.4977202945348038,0.31112438789701413,0.19115531756818202
456,457,0.5070291650528093,0.46780090707737665,0.025169927869814365
457,458,0.4989521971665885,0.47447844091177954,0.026569361921632242
458,459,0.49825064887942816,0.055063039442423585,0.44668631167814854
459,460,0.5145279684073609,0.12279869336406514,0.3626733382285744
460,461,0.4679384608162155,0.2608536513999026,0.27120788778388194
461,462,0.3966246423579717,0.15100772490035844,0.45236763274166963
462,463,0.4503827877850144,0.05787421678109306,0.4917429954338929
463,464,0.38985182672857477,0.165515424621249,0.4446327486501768
464,465,0.4315273410600523,0.16793367974639312,0.40053897919355497
465,466,0.48152633998511973,0.03563259640914252,0.4828410636057376
466,467,0.500384742716272,7.693865852452635e-05,0.4995383186252038
467,468,0.5060292013730825,0.2666482471100419,0.2273225515168753
468,469,0.4469523234344794,0.25806026299763646,0.2949874135678843
469,470,0.5159385997483769,0.17257312701097388,0.3114882732406497
470,471,0.4952857300396565,0.454644777859635,0.050069492100708636
471,472,0.3947898068089657,0.3699359059781765,0.23527428721285815
472,473,0.40917522793505307,0.21526512021880484,0.37555965184614193
473,474,0.4732441715824702,0.19478197245247084,0.33197385596505863
474,475,0.498158743034632,0.50045757621766,0.0013836807477080868
475,476,0.5040877934724053,0.49014580053722534,0.005766405990369523
476,477,0.4257073602721022,0.41953256010501344,0.15476007962288435
477,478,0.4463254797571437,0.24302920126448213,0.3106453189783741
478,479,0.44346915930014336,0.3334612509906262,0.22306958970922997
479,480,0.47778690219350867,0.32323850766798273,0.19897459013850838
480,481,0.4983309479642525,0.02445578763790182,0.47721326439784584
481,482,0.4852118573662961,0.0701617662980366,0.44462637633566765
482,483,0.4998368230172038,0.0003699698566467783,0.4997932071261497
483,484,0.4356129879436208,0.08468458521760514,0.4797024268387739
484,485,0.4397492667320436,0.5242904657765931,0.03596026749136356
485,486,0.33462043901400135,0.37766186098077725,0.2877177000052213
486,487,0.4660938884363849,0.2682221226273763,0.26568398893623907
487,488,0.43673077308912495,0.32099180263328464,0.24227742427759044
488,489,0.4210942364429194,0.32590068342358064,0.2530050801335002
489,490,0.4224555784791125,0.12458847613407614,0.45295594538681117
490,491,0.2048368740468464,0.5923853352483818,0.20277779070477084
491,492,0.16472944251723984,0.3461707997485068,0.48909975773425346
492,493,0.34015898146461293,0.2260104185778537,0.4338305999575336
493,494,0.4980828251204448,0.0020128844826374477,0.4999042903969173
494,495,0.472267083768486,0.027957763746065404,0.49977515248544857
495,496,0.5008763998947543,0.2564575984150135,0.24266600169023259
496,497,0.47296743877665004,0.03568823934578174,0.4913443218775675
497,498,0.5255032156906667,0.11252661560848944,0.3619701687008434
498,499,0.5483706081647577,0.4052868323098997,0.04634255952534273
499,500,0.5183608366180917,0.007984069216607994,0.4736550941653006
500,501,0.4128566813478183,0.1740938026742056,0.41304951597797657
501,502,0.4031122756584462,0.37545160825087937,0.22143611609067498
502,503,0.34827055450567274,0.09380060575817162,0.5579288397361561
503,504,0.482620475619649,0.4894190664394328,0.02796045794091781
504,505,0.487778565863302,0.49579982230716557,0.016421611829532282
505,506,0.19189239752246995,0.5264207176559816,0.2816868848215485
506,507,0.30841060239269424,0.17128830651357976,0.5203010910937264
507,508,0.44065252884727985,0.24225788520612687,0.3170895859465933
508,509,0.3998774057518342,0.27233584475719463,0.32778674949097086
509,510,0.49059794895235465,0.18049964408751987,0.32890240696012574
510,511,0.5144301178985605,0.3718816158648301,0.11368826623660946
511,512,0.4710657027879825,0.4130431112604047,0.115891185951613
512,513,0.46726209082997283,0.2798555949357878,0.2528823142342392
513,514,0.433780088674658,0.27866722821207923,0.28755268311326315
514,515,0.48813931358065066,0.37737309657131785,0.1344875898480315
515,516,0.4892452370621575,0.47704358615727677,0.033711176780565934
516,517,0.4856252079458776,0.5020517015459796,0.012323090508143194
517,518,0.49683424960590417,0.5028218831951733,0.0003438671989221441
518,519,0.32877171986360676,0.34615526491085635,0.3250730152255371
519,520,0.4955477879891889,0.3825040378995409,0.1219481741112704
520,521,0.45861704219932203,0.5082267956996449,0.03315616210103309
521,522,0.440023104406103,0.10416824632058239,0.45580864927331416
522,523,0.466952020188133,0.1327666984971517,0.40028128131471524
523,524,0.381405238959143,0.38638702989912926,0.23220773114172769
524,525,0.34351658975413013,0.3794077200150793,0.27707569023079126
525,526,0.44896737250809843,0.46583296535175917,0.08519966214014245
526,527,0.37677653829894286,0.30959729868111485,0.31362616301994184
527,528,0.2916487394312492,0.2623338391293972,0.44601742143935336
528,529,0.04606274860482516,0.5347171417876339,0.41922010960754075
529,530,0.5064070962698725,0.004236097393723374,0.4893568063364041
530,531,0.46114144460577644,0.31315969530283555,0.22569886009138831
531,532,0.5174859882986925,0.2048550875720305,0.27765892412927734
532,533,0.4992031301462559,0.0028982371364275226,0.49789863271731594
533,534,0.5003609080789647,8.107091050303937e-05,0.4995580210105325
534,535,0.5196050827542624,0.4489366647225545,0.03145825252318357
535,536,0.47831545230636213,0.5053789372317337,0.016305610461903916
536,537,0.3551130753865366,0.5536811846139085,0.09120573999955474
537,538,0.48605739536841175,0.5116535544419135,0.0022890501896746032
538,539,0.5330922478748082,0.08897051256145395,0.37793723956373826
539,540,0.22028660121782384,0.3551888263720447,0.4245245724101311
540,541,0.11893202833557011,0.5109701518808148,0.37009781978361517
541,542,0.4678782498806296,0.5006443053468613,0.0314774447725089
542,543,0.4335163038436942,0.31125668373905274,0.25522701241725215
543,544,0.4916764875673303,0.4279562646387041,0.08036724779396599
544,545,0.5280961441888993,0.04046747161854845,0.4314363841925525
545,546,0.3850785878150028,0.2121886284680722,0.4027327837169246
546,547,0.47183382829023096,0.5152240125468837,0.012942159162885459
547,548,0.488940205982125,0.4106095389708486,0.1004502550470259
548,549,0.5069004344098765,0.02232068912325175,0.4707788764668721
549,550,0.499249330452231,0.5004013306008004,0.00034933894696852886
550,551,0.5033478526125437,0.09289590474805204,0.40375624263940413
551,552,0.4986391710015083,0.11541309086214736,0.3859477381363439
552,553,0.4689195593108237,0.30918445705953534,0.22189598362964066
553,554,0.4466521904885294,0.17823299011961777,0.37511481939185265
554,555,0.4694532140599355,0.13772642209747957,0.39282036384258506
555,556,0.43336830734047993,0.29863949180270943,0.2679922008568104
556,557,0.5001760041739409,1.1505880254321978e-05,0.4998124899458052
557,558,0.3196118716238582,0.3807207840924163,0.2996673442837258
558,559,0.41474307311241004,0.534433207665544,0.050823719222045836
559,560,0.1799915805673991,0.3002970959478471,0.5197113234847544
560,561,0.3722865727994443,0.4993834518006328,0.12832997539992302
561,562,0.44696625180318955,0.48679872737200236,0.06623502082480827
562,563,0.40414759068822664,0.326230700696669,0.2696217086151042
563,564,0.4278947033194904,0.31723859734123755,0.2548666993392718
564,565,0.3981748637118463,0.42419036165185103,0.17763477463630212
565,566,0.32947513129047296,0.4854274415504085,0.18509742715911817
566,567,0.08267857809665173,0.5186010409392648,0.3987203809640832
567,568,0.5466668863088406,0.41649667381147587,0.03683643987968367
568,569,0.49962085775372694,0.5002127810319258,0.00016636121434698934
569,570,0.489747450329552,0.44102221293679755,0.06923033673365035
570,571,0.47937753316350595,0.4281532458668387,0.09246922096965547
571,572,0.4900243777507833,0.32109807715733113,0.18887754509188548
572,573,0.46571759606486146,0.3508685112145764,0.1834138927205622
573,574,0.3246855333084786,0.38825277711173867,0.28706168957978284
574,575,0.28748286389681543,0.32658399997312126,0.385933136130063
575,576,0.35803119247764936,0.08765285941852059,0.5543159481038301
576,577,0.45991533402859197,0.20985168508425228,0.33023298088715586
577,578,0.5610352956203902,0.28000133820552253,0.15896336617408743
578,579,0.49686643409013004,0.5028167111195326,0.0003168547903367335
579,580,0.5446898154232673,0.07669921335379598,0.3786109712229368
580,581,0.4291370477710712,0.30162332669356035,0.26923962553536784
581,582,0.4977390047914984,0.2793347165669803,0.22292627864152126
582,583,0.4222544433664732,0.46993282851304785,0.10781272812047904
583,584,0.515774587523486,0.13730487275527514,0.346920539721239
584,585,0.4616154073316811,0.1753029237753065,0.3630816688930123
585,586,0.449676075971226,0.2404847737956661,0.30983915023310754
586,587,0.42646617316235574,0.12264365766939246,0.45089016916825225
587,588,0.4942241301423348,0.009534272939811671,0.49624159691785386
588,589,0.4742458423214787,0.13676286218553235,0.3889912954929892
589,590,0.32432436626199057,0.14034895793952945,0.53532667579848
590,591,0.1732958225234977,0.35522694486258766,0.4714772326139145
591,592,0.2117718549423153,0.47371396027530116,0.3145141847823829
592,593,0.44993188966125186,0.36414299850714055,0.18592511183160823
593,594,0.2565286259083476,0.5592944367044344,0.1841769373872181
594,595,0.11578329483065126,0.5317745984908984,0.3524421066784498
595,596,0.47669891726551145,0.1245908015817645,0.3987102811527241
596,597,0.48860017465800026,0.4977989796214216,0.013600845720577778
597,598,0.46355574909582337,0.5124774158284516,0.02396683507572459
598,599,0.1604871142004567,0.4201241178035066,0.41938876799603697
