,Window_Index,Loading_Temperature_Prop,Loading_force_Prop,Loading_Voltage_Prop
0,1,0.4946721607116722,0.4994309639522095,0.00589687533611838
1,2,0.4969639609558511,0.4999151821573758,0.0031208568867730486
2,3,0.44659788234908876,0.44175592143049897,0.11164619622041165
3,4,0.4830431007621541,0.5031804384712951,0.013776460766550964
4,5,0.43896106680896885,0.4843208349370289,0.07671809825400235
5,6,0.49712391657180016,0.4997727374816067,0.003103345946592971
6,7,0.17544685202042729,0.4464902193229119,0.3780629286566608
7,8,0.43580935154798184,0.45343060683554504,0.11076004161647342
8,9,0.3966656042073935,0.5211802630282979,0.08215413276430822
9,10,0.011732177557747648,0.509131424050503,0.47913639839174965
10,11,0.48829533870006864,0.5065952295627375,0.005109431737193684
11,12,0.3631903192348381,0.4036038629988553,0.2332058177663062
12,13,0.46695086741175035,0.02016411933680702,0.5128850132514428
13,14,0.48477622320663916,0.45900117222324455,0.056222604570116165
14,15,0.4797794418626309,0.4727520388211015,0.04746851931626707
15,16,0.4891182648898896,0.47262029205693207,0.03826144305317828
16,17,0.4941757072977353,0.47045462345769645,0.03536966924456852
17,18,0.49852011630671933,0.4988130589750465,0.0026668247182347945
18,19,0.4781444833915176,0.48186450978581347,0.03999100682266867
19,20,0.5012724563071146,0.48665339477746056,0.01207414891542488
20,21,0.47929835911350666,0.49942348352969984,0.02127815735679338
21,22,0.5350440408333389,0.395235640261381,0.06972031890528009
22,23,0.48926409915106117,0.43736843019232663,0.0733674706566126
23,24,0.47060761959633857,0.47510702563845614,0.054285354765205115
24,25,0.48904657628267173,0.48942683182742025,0.021526591889907815
25,26,0.4992444107712213,0.4962615768292924,0.004494012399485973
26,27,0.5028580357782592,0.49619117958277326,0.0009507846389678872
27,28,0.5015888292467953,0.48647857163531255,0.011932599117892234
28,29,0.49831593678926567,0.5013810475405177,0.0003030156702168323
29,30,0.5460625910116762,0.3688753542012866,0.08506205478703724
30,31,0.5015135772241179,0.4745289239077221,0.023957498868159913
31,32,0.5049226791735387,0.43558171366208226,0.05949560716437885
32,33,0.49950838205951625,0.5000590743798076,0.0004325435606771736
33,34,0.488918623861099,0.4869626654670135,0.024118710671887332
34,35,0.4977940277480459,0.500686782859574,0.0015191893923797142
35,36,0.21147684430117447,0.4296582666913869,0.3588648890074383
36,37,0.45521985835777357,0.45256106803126195,0.09221907361096396
37,38,0.44446599914372237,0.5231247729958579,0.03240922786041992
38,39,0.5021908931520463,0.4774163707439203,0.02039273610403338
39,40,0.4674495435224663,0.5117704839402376,0.020779972537296607
40,41,0.20618184716452762,0.3425379119818461,0.45128024085362534
41,42,0.3809706291410061,0.3398148030435039,0.27921456781548976
42,43,0.2863334744059861,0.33718280711585347,0.3764837184781601
43,44,0.3202515537650263,0.33558056042437373,0.3441678858106005
44,45,0.31148857339343844,0.34610331936240696,0.34240810724415505
45,46,0.2897490791472653,0.35328546482710754,0.35696545602562657
46,47,0.2174124881047816,0.3750483407658758,0.40753917112934307
47,48,0.35581706711433897,0.3017593257423183,0.34242360714334263
48,49,0.3449718981110432,0.30721585169531723,0.34781225019363987
49,50,0.3089557053614516,0.3465330909502583,0.34451120368828975
50,51,0.4783698988075177,0.04359051693604599,0.47803958425643667
51,52,0.49281607191126564,0.012007288208685232,0.4951766398800488
52,53,0.38553456147671306,0.21695925525805584,0.39750618326523124
53,54,0.34024638170646704,0.3133771556114348,0.3463764626820986
54,55,0.3357855005221744,0.33132068722662583,0.3328938122511998
55,56,0.3335779059281874,0.3339425481763761,0.33247954589543666
56,57,0.3325078827640715,0.334020602190584,0.33347151504534467
57,58,0.3354710426534484,0.3292351810123242,0.33529377633422747
58,59,0.3346606676933826,0.33438915499448824,0.3309501773121297
59,60,0.33463139408786297,0.32441490611720486,0.34095369979493173
60,61,0.33746278714183686,0.32543234884220323,0.33710486401596035
61,62,0.34131351270288474,0.31302375426581863,0.34566273303129724
62,63,0.3389219734686586,0.320595316974481,0.34048270955686044
63,64,0.3563927127464901,0.31787409665087746,0.3257331906026321
64,65,0.46197473188565374,0.40707889775810496,0.13094637035624113
65,66,0.3369165213658552,0.3218329498423738,0.3412505287917707
66,67,0.3290841530553011,0.33919655786517483,0.3317192890795246
67,68,0.351486664267888,0.31602085439573296,0.3324924813363793
68,69,0.3477894293837572,0.30662053587529114,0.3455900347409525
69,70,0.330910538277161,0.3066963400132138,0.3623931217096252
70,71,0.28158030042677296,0.3412710629002637,0.3771486366729636
71,72,0.07550512758144991,0.44490554088827927,0.47958933153027083
72,73,0.31676285395257414,0.24915872544296377,0.43407842060446217
73,74,0.44576503160404557,0.096497915806841,0.4577370525891135
74,75,0.4946929931626753,0.010910261766199617,0.4943967450711247
75,76,0.49573217064246194,0.00888190729115384,0.4953859220663847
76,77,0.36771535585378756,0.24947829376910804,0.3828063503771038
77,78,0.3619715550870794,0.27488483898811433,0.3631436059248056
78,79,0.3592933912933512,0.27753554943489056,0.36317105927175775
79,80,0.37947302910283937,0.23950642487154988,0.38102054602561036
80,81,0.3954644425494329,0.20130843374583654,0.4032271237047304
81,82,0.4063801905797762,0.16925552464632454,0.4243642847738994
82,83,0.4128914723953594,0.1752044466017602,0.4119040810028799
83,84,0.4203974585888883,0.25764342871524637,0.32195911269586547
84,85,0.41898402936493656,0.3493022851670065,0.2317136854680577
85,86,0.4079301511081518,0.3422317823108711,0.24983806658097724
86,87,0.42167732589428075,0.11088005508221455,0.46744261902350437
87,88,0.39004751142614413,0.26071653238615133,0.34923595618770414
88,89,0.4168311921033899,0.1771710239243009,0.40599778397230907
89,90,0.4267569074122327,0.15367847052200512,0.41956462206576256
90,91,0.4005663443692321,0.15778512838783412,0.4416485272429336
91,92,0.36010902413284207,0.22435745693276432,0.41553351893439383
92,93,0.44632621107256265,0.1065798011627361,0.4470939877647011
93,94,0.49530186275479515,0.01024568213145516,0.49445245511374925
94,95,0.4959681086720176,0.008494650607128154,0.4955372407208544
95,96,0.3396245946853674,0.4959203761325507,0.16445502918208138
96,97,0.12528536946838156,0.34210252874779057,0.5326121017838273
97,98,0.3790932201096872,0.25602416852550014,0.3648826113648126
98,99,0.3829445035517946,0.2428823468969863,0.37417314955121933
99,100,0.10055907686114782,0.45806745486982464,0.44137346826902696
100,101,0.41820399282143883,0.09769537052609537,0.4841006366524663
101,102,0.48362466882210076,0.01300433358615674,0.5033709975917423
102,103,0.4939175176652593,0.008149540180699246,0.4979329421540405
103,104,0.46348550604455047,0.07081667004912857,0.4656978239063214
104,105,0.45857976745433426,0.07888685184218731,0.4625333807034778
105,106,0.36850718435058766,0.21196109111089873,0.4195317245385138
106,107,0.5032907193572442,0.0007435794801564548,0.49596570116259925
107,108,0.4913134415587461,0.028920495420153455,0.47976606302110014
108,109,0.49399301266658313,0.010136976236449421,0.4958700110969676
109,110,0.4521772208392024,0.08559803361564776,0.4622247455451499
110,111,0.3979894391127424,0.17391051957723766,0.42810004131002016
111,112,0.3584615552941537,0.22460270666081603,0.4169357380450302
112,113,0.47480326401779244,0.039895658563285884,0.48530107741892126
113,114,0.4675732780471077,0.06441426377752722,0.4680124581753656
114,115,0.43095160233705015,0.14249488941037555,0.42655350825257426
115,116,0.4353288556564889,0.13537474665487653,0.42929639768863437
116,117,0.47749040291515,0.04258125988926712,0.4799283371955835
117,118,0.41354564935426363,0.1581342403017587,0.42832011034397777
118,119,0.3438998662372139,0.2719131991904591,0.3841869345723266
119,120,0.3606759636768557,0.2786634615693981,0.36066057475374647
120,121,0.3678444105116737,0.26242253550433037,0.3697330539839954
121,122,0.38488733629076255,0.2315401280878812,0.3835725356213555
122,123,0.30092634416578956,0.29218504653531924,0.4068886092988911
123,124,0.2847947544043289,0.2635598551103326,0.45164539048533886
124,125,0.38884539735094537,0.1912461698394754,0.41990843280957924
125,126,0.3966094555060603,0.19983334200300737,0.4035572024909319
126,127,0.3994470392795686,0.20570036518664198,0.39485259553378865
127,128,0.4277493416948795,0.15035942495989013,0.42189123334523054
128,129,0.4994039018546983,0.0005528320066685606,0.5000432661386327
129,130,0.49996593811494555,1.590336517050983e-06,0.5000324715485375
130,131,0.4783475938265699,0.048710112344424225,0.4729422938290052
131,132,0.47812726233749486,0.04509720404584028,0.47677553361666547
132,133,0.4721875490627596,0.05700380375393238,0.4708086471833081
133,134,0.3993334445529598,0.19688068676678264,0.40378586868025784
134,135,0.37420085627191363,0.2507178441461962,0.3750812995818899
135,136,0.3912700030146918,0.22038960268613278,0.388340394299176
136,137,0.39626972083601536,0.2029491284612059,0.40078115070277914
137,138,0.36021695037621715,0.2733004555045415,0.3664825941192409
138,139,0.3657774103273977,0.26586065656423596,0.36836193310836673
139,140,0.4342642503642678,0.1311419958234377,0.43459375381229404
140,141,0.4701070935555924,0.06285550317253161,0.4670374032718763
141,142,0.4349018081358072,0.13194541842397492,0.4331527734402178
142,143,0.41174999678966956,0.1785515460504877,0.4096984571598434
143,144,0.44738494883758734,0.1098120179408183,0.44280303322159464
144,145,0.48726611575323453,0.02892939622367663,0.48380448802308906
145,146,0.4347428699102819,0.13251630484930552,0.4327408252404126
146,147,0.44318038088819917,0.11830174203950831,0.43851787707229267
147,148,0.453566515437852,0.09323545318882352,0.4531980313733249
148,149,0.4644262179056855,0.07860295390329225,0.4569708281910222
149,150,0.48872487454105484,0.0221353947053991,0.48913973075354644
150,151,0.4999532047813355,0.0002440663582487431,0.49980272886041593
151,152,0.49973325647914807,0.0007319130993269596,0.49953483042152474
152,153,0.49979716290637294,0.00027661138539039674,0.4999262257082365
153,154,0.4968180225242206,0.00842302784811072,0.49475894962766864
154,155,0.42288033314531004,0.15883347058012995,0.41828619627455976
155,156,0.36289482061533035,0.26319398685851597,0.3739111925261536
156,157,0.44244173258976477,0.10756296234332255,0.4499953050669123
157,158,0.46825327994861154,0.062270143406632714,0.46947657664475567
158,159,0.4089751554787304,0.18838026313280393,0.402644581388466
159,160,0.4050928660945002,0.18773626386155234,0.4071708700439474
160,161,0.4931362585696991,0.011970519630273247,0.4948932218000277
161,162,0.4333145873533761,0.14131094152414295,0.42537447112248183
162,163,0.45216025500245305,0.1006429479548932,0.4471967970426541
163,164,0.4950559554794787,0.011463065573992298,0.4934809789465288
164,165,0.4995309402015239,0.0011374810262392702,0.4993315787722368
165,166,0.4643823767377684,0.09176764211980437,0.44384998114242763
166,167,0.4963778129100383,0.008619092681745264,0.49500309440821655
167,168,0.4937515986325972,0.015291476374025737,0.4909569249933775
168,169,0.4947471222563802,0.021028794804769282,0.48422408293885005
169,170,0.44310434233115537,0.10397477151138335,0.4529208861574618
170,171,0.49942045807472596,0.005948751197807509,0.4946307907274661
171,172,0.49074381306822074,0.02549261131338042,0.4837635756183986
172,173,0.48289355957226254,0.0404088931485261,0.4766975472792114
173,174,0.49608185568215657,0.007740899445451357,0.49617724487239195
174,175,0.4790693933308772,0.04184348519535036,0.47908712147377236
175,176,0.49976506590179376,0.0006545331079848771,0.4995804009902215
176,177,0.48838854548684674,0.022469645553058866,0.48914180896009457
177,178,0.49099717142109367,0.019390361701172337,0.4896124668777332
178,179,0.46528435322096084,0.0748927262345489,0.4598229205444905
179,180,0.4784209701366241,0.04072519237427065,0.48085383748910504
180,181,0.49794324169596116,0.0021277899031376117,0.4999289684009008
181,182,0.34745773884029507,0.2821292672137939,0.3704129939459107
182,183,0.37153474604386255,0.2489705545036946,0.37949469945244263
183,184,0.49857424208869316,0.002015522191077648,0.4994102357202292
184,185,0.4199068101893982,0.21138511783593153,0.36870807197467
185,186,0.4343026579976219,0.15734228815038995,0.40835505385198856
186,187,0.468806205364413,0.07230548091447782,0.4588883137211095
187,188,0.39950848578156867,0.19904237337786718,0.4014491408405641
188,189,0.481902864349613,0.04614955166043705,0.47194758398994974
189,190,0.4945629558959458,0.007837022775966164,0.49760002132808745
190,191,0.45004047448312334,0.0970522362365371,0.45290728928034013
191,192,0.49999498779714213,0.0006339522047551949,0.4993710599981029
192,193,0.477442810502331,0.048485944766334756,0.4740712447313339
193,194,0.4754590058072047,0.05801475633417043,0.4665262378586244
194,195,0.403525088858766,0.2015462288277412,0.3949286823134929
195,196,0.3660698731341605,0.2748346607599645,0.3590954661058751
196,197,0.4654901054227976,0.06870251933405694,0.46580737524314525
197,198,0.49186281164524587,0.01858089495157203,0.4895562934031818
198,199,0.4676057601953477,0.061060100873698765,0.471334138930953
199,200,0.47172479076661783,0.0636488585213483,0.46462635071203384
200,201,0.4918904498056337,0.019435942827719373,0.4886736073666469
201,202,0.4743007527521603,0.05932909859920408,0.46637014864863596
202,203,0.4257966233176855,0.1399945369756066,0.4342088397067081
203,204,0.4091901588997476,0.15022772613039678,0.44058211496985505
204,205,0.4534539114016702,0.0579811445342217,0.48856494406410733
205,206,0.47064124540028807,0.08308937088566166,0.44626938371405017
206,207,0.4421604239033406,0.14389042889956843,0.4139491471970913
207,208,0.47957630153084363,0.04937845535036114,0.47104524311879525
208,209,0.4983998347715469,0.0014420226042776592,0.5001581426241755
209,210,0.49769298749241775,0.01762135576627134,0.48468565674131137
210,211,0.4022684742219255,0.22171239141292268,0.3760191343651523
211,212,0.3976351640473818,0.25858772471240465,0.34377711124021326
212,213,0.4751398347441843,0.06967814952928943,0.45518201572652606
213,214,0.4048646972255548,0.1658963747770324,0.4292389279974128
214,215,0.3870740684271773,0.20748021097045335,0.4054457206023691
215,216,0.4213225500037,0.15286222847579561,0.42581522152050366
216,217,0.48093254632639154,0.037184334469649874,0.48188311920395893
217,218,0.49991203895799247,0.0012727121442299661,0.4988152488977776
218,219,0.48506442728317933,0.031387383595247044,0.48354818912157355
219,220,0.49991242502075933,0.001310604958214449,0.4987769700210258
220,221,0.47254541609319595,0.06384685233873023,0.4636077315680738
221,222,0.4452055323655348,0.11970910518413132,0.4350853624503339
222,223,0.44261782042142234,0.12403201783946699,0.43335016173911073
223,224,0.44827183991909975,0.11745736788610267,0.43427079219479686
224,225,0.4964007838366065,0.02829264112567225,0.4753065750377215
225,226,0.5005426481679542,0.007329515974351244,0.4921278358576946
226,227,0.5009358625449926,0.007891253534460274,0.49117288392054753
227,228,0.4986532831886302,0.00471724999470108,0.4966294668166682
228,229,0.49579173990411746,0.012083093894224479,0.49212516620165775
229,230,0.4919789160550703,0.018876886606258452,0.48914419733867126
230,231,0.44254078980822087,0.11527901790707455,0.44218019228470423
231,232,0.46140654740434633,0.041068879221950426,0.4975245733737037
232,233,0.4357237510549581,0.1956294844137075,0.36864676453133444
233,234,0.4251255551094678,0.1840559598744797,0.39081848501605226
234,235,0.4595177611962713,0.09989226645287197,0.44058997235085706
235,236,0.5000027933644224,6.309715925979365e-05,0.49993410947631745
236,237,0.49979752160424534,0.00018776886111290193,0.5000147095346417
237,238,0.443173683394613,0.09631161946946847,0.460514697135918
238,239,0.47963782211950723,0.027461277782666774,0.49290090009782567
239,240,0.4948302456773862,0.0046684334040327765,0.5005013209185806
240,241,0.48835336158422105,0.024676699397938595,0.4869699390178401
241,242,0.44954076009182264,0.1143681874132267,0.43609105249495
242,243,0.46075967640559173,0.08051853304735379,0.4587217905470542
243,244,0.44070292839971703,0.1363594364238369,0.4229376351764458
244,245,0.46512209090819306,0.1253248782188722,0.40955303087293465
245,246,0.5017316856135084,0.0001834650780855856,0.49808484930840585
246,247,0.5042385680241345,0.001010441753041156,0.4947509902228245
247,248,0.4271325974055521,0.1321096910968364,0.44075771149761095
248,249,0.40344638038175024,0.2392115569559939,0.3573420626622556
249,250,0.47679433789043324,0.08689943812656074,0.4363062239830062
250,251,0.49928694795512524,0.001157055450280645,0.4995559965945936
251,252,0.4692213396475143,0.15222552359140046,0.378553136761085
252,253,0.44777678513559294,0.10718684809013818,0.4450363667742691
253,254,0.4986273730574652,0.0009907347824558647,0.5003818921600791
254,255,0.48303891952943645,0.03136264156689382,0.4855984389036697
255,256,0.49409072343488175,0.009420821743561271,0.49648845482155674
256,257,0.4685803426752971,0.08801829391114113,0.4434013634135615
257,258,0.4513612117447317,0.19826176961265551,0.3503770186426126
258,259,0.4854072214882357,0.09099846866889863,0.42359430984286534
259,260,0.4855146169873017,0.06835952035546307,0.4461258626572349
260,261,0.4991892958186677,0.00663848192562825,0.4941722222557042
261,262,0.49551795420506317,0.0234948267030619,0.48098721909187514
262,263,0.49199847425267473,0.02383653540091103,0.4841649903464146
263,264,0.48229114934130796,0.03280719289214758,0.48490165776654487
264,265,0.49654778742231553,0.0058194014273169154,0.4976328111503677
265,266,0.443770562110016,0.26536096200959,0.2908684758803937
266,267,0.5000630319540806,8.065176893714465e-05,0.4998563162769828
267,268,0.4968055679177016,0.009224865847376588,0.4939695662349222
268,269,0.4969634086668731,0.004354568668258066,0.4986820226648696
269,270,0.46980885830402525,0.04519869908956171,0.48499244260641283
270,271,0.4914186305603419,0.013045470369080828,0.4955358990705772
271,272,0.49915299319437656,0.0002694114983598678,0.5005775953072634
272,273,0.4999883400610993,0.0004677579789480745,0.49954390195995285
273,274,0.49919723995941556,0.007860948690053073,0.49294181135053117
274,275,0.47379404697471883,0.08038136109160086,0.44582459193367957
275,276,0.4637418552603304,0.12829827480694173,0.40795986993272787
276,277,0.4993912919556131,0.00026730486163564787,0.5003414031827509
277,278,0.5004192685130958,0.10876469987533595,0.3908160316115681
278,279,0.4919098000894366,0.30454782204967884,0.20354237786088467
279,280,0.39566843821749415,0.14615939532032785,0.45817216646217784
280,281,0.4772777984294317,0.004360738551352357,0.5183614630192159
281,282,0.495655556065958,0.00268823523488274,0.5016562086991587
282,283,0.5017293416361985,0.0010773660874094232,0.4971932922763922
283,284,0.46588862992141766,0.030739578759696372,0.5033717913188862
284,285,0.45332866992879506,0.16341381647820977,0.3832575135929952
285,286,0.4992475919682273,0.1621960397556941,0.3385563682760787
286,287,0.5061620711168096,0.0036061374225367575,0.49023179146065377
287,288,0.4457901731246408,0.05817077705369763,0.49603904982166197
288,289,0.46093997506063,0.007336201173310803,0.5317238237660592
289,290,0.14077267356233905,0.4103347618398501,0.44889256459781085
290,291,0.43774345773438533,0.17265748606802347,0.3895990561975918
291,292,0.40200726066727,0.2625881902813319,0.3354045490513984
292,293,0.4149402633914478,0.27282010276026036,0.3122396338482922
293,294,0.48134940389773867,0.0597623697331626,0.4588882263690989
294,295,0.4984448647362333,0.003666393776557627,0.49788874148720985
295,296,0.48000191887010274,0.0391653228439017,0.4808327582859959
296,297,0.4955596498282867,0.054944547272303176,0.44949580289940966
297,298,0.3907613749315831,0.33231501716536754,0.2769236079030492
298,299,0.40410956045158497,0.42553983747993096,0.17035060206848404
299,300,0.41800457941680497,0.4836479889835695,0.09834743159962496
300,301,0.16759815636267167,0.45137959539752703,0.38102224823980124
301,302,0.4589054402636519,0.33576579273814555,0.2053287669982021
302,303,0.3987216885097505,0.33069396236612325,0.2705843491241268
303,304,0.35929369004432127,0.5129629267835126,0.12774338317216596
304,305,0.42599305939803667,0.3091085977729566,0.2648983428290068
305,306,0.40022148718743833,0.3123936430129669,0.287384869799595
306,307,0.4413415804196044,0.18995734135790449,0.3687010782224907
307,308,0.43459182216829906,0.1676482859792696,0.39775989185243116
308,309,0.46953931189960335,0.11586454615631533,0.41459614194408145
309,310,0.46317228555033163,0.16629587590593395,0.3705318385437347
310,311,0.47405930966340804,0.17140215765443043,0.35453853268216184
311,312,0.4284469456080038,0.33506204934665706,0.23649100504533907
312,313,0.46089801856998225,0.0805675836509438,0.4585343977790736
313,314,0.4670646808553971,0.2204974638728616,0.3124378552717415
314,315,0.4137658043120401,0.2541167539002465,0.332117441787713
315,316,0.339164742621205,0.1289119152905081,0.5319233420882868
316,317,0.5395973534151294,0.4521514413438171,0.008251205241053744
317,318,0.22908832922800934,0.5836000067037871,0.18731166406820401
318,319,0.49572575825057624,0.0035596496884279898,0.5007145920609959
319,320,0.41188009321021263,0.2778263554049633,0.3102935513848237
320,321,0.4606626928815856,0.28781898551219975,0.2515183216062147
321,322,0.4911234061311016,0.2576999706612075,0.25117662320769063
322,323,0.3324634367486355,0.2716778023853173,0.39585876086604715
323,324,0.36692228927687953,0.2994018719186053,0.33367583880451496
324,325,0.40482558395818985,0.171473348644241,0.423701067397569
325,326,0.23802448296696285,0.14544460476583435,0.616530912267203
326,327,0.40795949399285353,0.10817266929461045,0.483867836712536
327,328,0.46322156005987514,0.03824943742670962,0.4985290025134154
328,329,0.4591976304792648,0.1403265027534131,0.4004758667673212
329,330,0.49454372843913985,0.018587158551445233,0.4868691130094154
330,331,0.45950518334635754,0.07277197578466534,0.467722840868977
331,332,0.4483791639084813,0.10314981496567122,0.4484710211258478
332,333,0.05126760772003376,0.3978458812015193,0.5508865110784468
333,334,0.5257001525900892,0.46196045813264963,0.012339389277260648
334,335,0.5021817538529566,0.0006459775199759195,0.49717226862706737
335,336,0.4987867315815466,0.006950361150564642,0.4942629072678889
336,337,0.417955989656771,0.4461444314653558,0.13589957887787316
337,338,0.4062873823780029,0.2925912308835739,0.30112138673842337
338,339,0.3997452512758947,0.28790077776737555,0.3123539709567301
339,340,0.4990979230130185,0.00015592368438409904,0.5007461533025973
340,341,0.4343685945246057,0.07048305734076299,0.4951483481346316
341,342,0.48778537629479185,0.002461844227553416,0.5097527794776546
342,343,0.40000592706168137,0.17435300024051498,0.4256410726978032
343,344,0.0419312380548525,0.48603936520793994,0.47202939673720723
344,345,0.37549197002704804,0.2630120625714906,0.3614959674014611
345,346,0.48979598696050586,0.39848574245157625,0.11171827058791765
346,347,0.48910061815364697,0.09899243665551027,0.41190694519084253
347,348,0.4721548860238025,0.2947565677407952,0.23308854623540215
348,349,0.47657910496806194,0.4740937141761166,0.04932718085582151
349,350,0.4402197587917821,0.5394430916478545,0.020337149560363414
350,351,0.33203741850345475,0.1602614052615523,0.5077011762349931
351,352,0.3799397415998603,0.04349138013246343,0.5765688782676759
352,353,0.47975172199706095,0.5189598440401638,0.0012884339627753983
353,354,0.4897713974539854,0.1601551012365806,0.35007350130943427
354,355,0.4255529985552171,0.14126630052820718,0.4331807009165755
355,356,0.5165209186333033,0.011161329016706606,0.4723177523499901
356,357,0.48306393087250604,0.46169747697624025,0.055238592151253985
357,358,0.3494034794562525,0.4228946731147589,0.22770184742898925
358,359,0.34852467922338964,0.29208041530813766,0.35939490546847236
359,360,0.27078208625467703,0.32469179864394354,0.404526115101379
360,361,0.011753468163588658,0.5073630192807944,0.4808835125556175
361,362,0.3931264568320743,0.3497539104391326,0.25711963272879323
362,363,0.5065510821721003,0.49254603051370455,0.0009028873141956618
363,364,0.43312329322286985,0.38796930607058816,0.1789074007065424
364,365,0.48244449017605856,0.06170177428772493,0.4558537355362162
365,366,0.10224987893608242,0.33234727081694887,0.5654028502469685
366,367,0.32510266113434877,0.2759708010011441,0.39892653786450744
367,368,0.439106985535533,0.17933400518366424,0.38155900928080316
368,369,0.4440235265546495,0.13220893101586556,0.4237675424294852
369,370,0.4156209004880111,0.2238365276772864,0.3605425718347027
370,371,0.3512134093462992,0.3700681825059507,0.27871840814774984
371,372,0.2585173218921433,0.5140619469559091,0.22742073115194708
372,373,0.08762318640013772,0.4390897447948385,0.4732870688050244
373,374,0.3619479302436293,0.2756818708543244,0.3623701989020461
374,375,0.4352170274856174,0.15372587039542307,0.4110571021189597
375,376,0.4811606439336321,0.047948281350146844,0.47089107471622127
376,377,0.47461885408660937,0.07808024557907545,0.44730090033431513
377,378,0.4886614378679671,0.5103463812004325,0.0009921809316002165
378,379,0.04993257054324174,0.4890827238795604,0.4609847055771977
379,380,0.4370527807822821,0.40510815300526765,0.15783906621245058
380,381,0.5565152776454243,0.3983675053587565,0.045117216995819366
381,382,0.49504067099923954,0.5039043931323779,0.0010549358683829928
382,383,0.5005235197089627,0.469402880866089,0.030073599424948187
383,384,0.20263001821057833,0.29259477935938943,0.5047752024300324
384,385,0.2493888884723397,0.25670389212767847,0.4939072193999821
385,386,0.031276523471520414,0.49632480238012766,0.4723986741483518
386,387,0.23294874627669435,0.41247683004417973,0.3545744236791265
387,388,0.495681689490844,0.0023336032800574395,0.5019847072290987
388,389,0.46283955378339037,0.21067939059097096,0.32648105562563895
389,390,0.479890016475927,0.3998340410093055,0.12027594251476785
390,391,0.4830124600805833,0.051108347045523105,0.4658791928738936
391,392,0.5011376739174914,3.9547643641007875e-05,0.49882277843886785
392,393,0.527071834577845,0.35819615653219217,0.11473200888996272
393,394,0.5258830148476602,0.35939804308430207,0.11471894206803773
394,395,0.5398361561909796,0.014711967717134922,0.4454518760918853
395,396,0.4450661005263464,0.4498752903444007,0.10505860912925316
396,397,0.41198119739131467,0.44321864887403245,0.1448001537346537
397,398,0.4493921152198586,0.14540580220258584,0.40520208257755547
398,399,0.5171806345858451,0.04427879330892224,0.4385405721052334
399,400,0.48143464277576037,0.006032683261021268,0.5125326739632182
400,401,0.5065495654176833,0.055858973588167625,0.4375914609941494
401,402,0.4949735285267652,0.0037153292402062003,0.5013111422330286
402,403,0.5427564750631243,0.06968246144428683,0.38756106349258873
403,404,0.26337937735902744,0.33780514316961496,0.3988154794713581
404,405,0.4087831117496534,0.5138176215888771,0.07739926666147004
405,406,0.5821167115746773,0.2610581421700654,0.15682514625525779
406,407,0.5091588757057626,0.3963272058982625,0.09451391839597502
407,408,0.4354854685737303,0.30308792976734816,0.2614266016589215
408,409,0.4845327740610104,0.03728674237052033,0.4781804835684688
409,410,0.4303112535033725,0.16282403240266974,0.40686471409395797
410,411,0.38706977186735486,0.2888385440050539,0.32409168412759076
411,412,0.4058763658228718,0.1727145130635223,0.4214091211136054
412,413,0.4045592958249929,0.3120340864104688,0.28340661776453835
413,414,0.4741188925255781,0.45434526691175525,0.07153584056266642
414,415,0.3415504620686019,0.39355264776928806,0.26489689016210977
415,416,0.01527677503771672,0.4731185366854333,0.51160468827685
416,417,0.0023054703619034404,0.47924084157329017,0.5184536880648061
417,418,0.2148440619157068,0.3773317490338629,0.40782418905042983
418,419,0.4996000652380856,0.3694142366719027,0.13098569809001173
419,420,0.41017314907920494,0.40913979597934297,0.18068705494145246
420,421,0.460694925475607,0.4341485731458115,0.1051565013785817
421,422,0.40924366448386695,0.26642942648559126,0.3243269090305415
422,423,0.5011042741766437,0.0014918996496458127,0.49740382617371104
423,424,0.49366379872620125,0.17185472928925985,0.3344814719845385
424,425,0.4943859001378529,0.2943845397329243,0.2112295601292226
425,426,0.4833386010121235,0.4800862017612886,0.03657519722658781
426,427,0.40762948507150987,0.20839510007930045,0.3839754148491889
427,428,0.4459586574982693,0.14748693452575276,0.40655440797597775
428,429,0.36863854499679394,0.4418850844098778,0.18947637059332822
429,430,0.4999936569084198,0.35504585767051,0.14496048542107093
430,431,0.5244255544961338,0.45426503667744034,0.021309408826426332
431,432,0.5557231989649122,0.42149261031246626,0.022784190722621587
432,433,0.39285855268255165,0.258166283160104,0.34897516415734453
433,434,0.5395774397967796,0.279684443950498,0.1807381162527226
434,435,0.35808488696881347,0.22465722515555298,0.41725788787563334
435,436,0.432082227011612,0.44610216060643404,0.12181561238195335
436,437,0.26513622765893863,0.49265496646389,0.24220880587717122
437,438,0.2336460831204018,0.47899795634878656,0.2873559605308116
438,439,0.4491890654492944,0.10470214426194557,0.4461087902887596
439,440,0.41967376776369536,0.14273790117257631,0.43758833106372813
440,441,0.4285093983857396,0.3870349127933951,0.1844556888208651
441,442,0.5006235182479309,0.499354135849785,2.234590228390441e-05
442,443,0.49448358183961794,0.4459010926966901,0.05961532546369214
443,444,0.4289482514605604,0.39910710319286896,0.171944645346571
444,445,0.40750579339275445,0.13644596256755484,0.4560482440396909
445,446,0.5316285940313218,0.3532225095854076,0.11514889638327044
446,447,0.4894100165558769,0.48542666940140855,0.025163314042714418
447,448,0.5003837009247994,0.49960713525632416,9.163818876552457e-06
448,449,0.4180889505355559,0.45857512269766243,0.12333592676678194
449,450,0.4377984940578915,0.5186079418346177,0.043593564107490684
450,451,0.22848367452772525,0.30108564373456853,0.47043068173770636
451,452,0.2666171394159941,0.2645619045738778,0.46882095601012835
452,453,0.2944422807705348,0.22752826455568675,0.4780294546737787
453,454,0.474243155576977,0.474679944172874,0.051076900250149285
454,455,0.49299719090321,0.501213971451681,0.0057888376451089105
455,456,0.463623524967445,0.49628562861797976,0.04009084641457511
456,457,0.4920831024948084,0.1310311961296776,0.376885701375514
457,458,0.4684494054789401,0.4557180006636937,0.07583259385736651
458,459,0.48642726394075403,0.4542563625080379,0.05931637355120821
459,460,0.497758143056352,0.5012844895452773,0.000957367398370591
460,461,0.060800268911039415,0.4132227484805073,0.5259769826084535
461,462,0.0003187675209144397,0.49877134508708393,0.5009098873920013
462,463,0.32601693293879896,0.6222258361489947,0.05175723091220607
463,464,0.4828585577809931,0.5116507390078118,0.005490703211195315
464,465,0.38216438217756243,0.4139337662445431,0.20390185157789473
465,466,0.44158678006061897,0.3895272053775636,0.16888601456181815
466,467,0.4261279284879521,0.29723289074231896,0.276639180769729
467,468,0.4303629490584101,0.14587029641862098,0.4237667545229691
468,469,0.29279515520152033,0.341765671399819,0.36543917339866056
469,470,0.44895486193054895,0.5103023606219826,0.040742777447468764
470,471,0.494244551207877,0.5051680111271423,0.0005874376649808407
471,472,0.43212578983431454,0.4987748900891425,0.06909932007654239
472,473,0.4606832077192273,0.07987966406209002,0.45943712821868304
473,474,0.4750542061655357,0.18793221815495537,0.3370135756795091
474,475,0.6088578678159439,0.0653987996676004,0.3257433325164553
475,476,0.11438743433326526,0.5540657400067701,0.33154682565996435
476,477,0.11708131142220142,0.41585669006712755,0.4670619985106706
477,478,0.3511494057585217,0.3320995288096137,0.3167510654318647
478,479,0.44069964459330774,0.22292452216138495,0.33637583324530673
479,480,0.37424765084428846,0.18641184484092865,0.4393405043147827
480,481,0.527325386635732,0.04194943840136889,0.4307251749628987
481,482,0.4427148900370049,0.38964241064768057,0.16764269931531514
482,483,0.40723163464742995,0.38295467649791803,0.20981368885465246
483,484,0.47587177718952384,0.006542675990835428,0.5175855468196403
484,485,0.5561091261142483,0.40168533634868503,0.042205537537066504
485,486,0.451325570783234,0.4676718011690352,0.08100262804773066
486,487,0.42987887043622447,0.3491784890713307,0.22094264049244555
487,488,0.5328890607952455,0.06175785751034178,0.4053530816944126
488,489,0.5248710078834244,0.035142298316579744,0.43998669379999633
489,490,0.5147932144647223,0.007905970689711585,0.4773008148455656
490,491,0.48570846057061007,0.0924973149879342,0.4217942244414561
491,492,0.46925777318192635,0.037044750142812666,0.4936974766752604
492,493,0.49901389707814475,0.0022340351778382065,0.49875206774401715
493,494,0.4983463171107227,0.49963798142338495,0.002015701465892799
494,495,0.4802510372615634,0.4749060073041457,0.04484295543429136
495,496,0.4694249913108104,0.45513313781344616,0.07544187087574285
496,497,0.48140465839020685,0.5143911062263302,0.004204235383463079
497,498,0.4720962094164493,0.48823765636126937,0.03966613422228122
498,499,0.5049528645058875,0.4939018502705912,0.0011452852235209652
499,500,0.39139499693619484,0.27597395249553663,0.3326310505682687
500,501,0.46319556344970253,0.3572200238400178,0.17958441271027975
501,502,0.3988163158492657,0.3014611381594695,0.29972254599126497
502,503,0.47526289769441166,0.41752529681924444,0.10721180548634315
503,504,0.4892900404353674,0.43536654910437417,0.07534341046025847
504,505,0.30405016759266823,0.5047690478217046,0.19118078458562746
505,506,0.027289870571757753,0.546531511691577,0.426178617736666
506,507,0.13825173587405198,0.4827116554890614,0.3790366086368861
507,508,0.420844509776556,0.5290088147514168,0.05014667547202685
508,509,0.3901937183051703,0.26266282021692167,0.34714346147790826
509,510,0.18022399674132406,0.29133276947948344,0.5284432337791923
510,511,0.43582222702827356,0.4809360493476069,0.08324172362411963
511,512,0.5706849689207145,0.10642512481188382,0.3228899062674017
512,513,0.520861565038646,0.027013936836200698,0.45212449812515315
513,514,0.5055916547803713,0.21365875511884388,0.280749590100785
514,515,0.42491405038782704,0.4615017691856193,0.11358418042655401
515,516,0.32593554159542326,0.4060065026194243,0.2680579557851526
516,517,0.41901435407427684,0.358596899546764,0.22238874637895928
517,518,0.11512880738640302,0.5646294245194764,0.3202417680941206
518,519,0.33445720597470857,0.3432200797070711,0.3223227143182211
519,520,0.26172595829279355,0.2316922006637195,0.5065818410434869
520,521,0.4767090960733681,0.5200844706201381,0.003206433306494403
521,522,0.5424242694615187,0.09633044933295525,0.36124528120552585
522,523,0.4747285489957788,0.035713027249449025,0.4895584237547723
523,524,0.4734472290047217,0.3622403224089644,0.164312448586314
524,525,0.49216437299871374,0.4978387889590983,0.009996838042187373
525,526,0.4505757646263095,0.5033512228410981,0.04607301253259222
526,527,0.33185423484841275,0.5145359035178337,0.15360986163375417
527,528,0.45865279223122457,0.420350446100403,0.12099676166837303
528,529,0.46721207444143814,0.5002438458275636,0.0325440797309978
529,530,0.3989936227751668,0.3896291212883367,0.2113772559364972
530,531,0.4935770315076032,0.5020357003936008,0.004387268098796052
531,532,0.19379655356497894,0.1736484841671509,0.6325549622678697
532,533,0.5263272021969119,0.3622686354629872,0.11140416234010056
533,534,0.4966032712184369,0.5019502132940713,0.0014465154874916078
534,535,0.47671896957261745,0.49602729666264883,0.02725373376473367
535,536,0.2752820719146436,0.1319728177601907,0.592745110325165
536,537,0.03361688192450566,0.4855917383277788,0.48079137974771563
537,538,0.2590062288009444,0.4241073281924058,0.3168864430066498
538,539,0.3706956408706879,0.20409654093115903,0.4252078181981524
539,540,0.3471606242608934,0.20761869720761938,0.4452206785314872
540,541,0.4631743427457892,0.529968808538129,0.006856848716081384
541,542,0.4377918313329444,0.05964499280355145,0.5025631758635045
542,543,0.3766998827755021,0.12604360202580991,0.4972565151986878
543,544,0.4544385137464985,0.45734490141568934,0.08821658483781224
544,545,0.4390205575633028,0.4447340891732343,0.11624535326346319
545,546,0.3136764082430091,0.4416463660408445,0.24467722571614658
546,547,0.42385761696478275,0.5225407565148367,0.053601626520380564
547,548,0.5248112093215735,0.03395097090982085,0.44123781976860527
548,549,0.4733978021797943,0.4428663068309043,0.08373589098930172
549,550,0.316363690536642,0.49779039722231866,0.18584591224103958
550,551,0.39912281090427354,0.5062871895695537,0.09458999952617247
551,552,0.39010425018541656,0.4999801365803582,0.109915613234225
552,553,0.19686618244806117,0.4506835723741238,0.3524502451778159
