,Window_Index,Loading_Temperature_Prop,Loading_force_Prop,Loading_Voltage_Prop
0,1,0.4730736370632589,0.026736014159359542,0.5001903487773818
1,2,0.5651162720146949,0.17078250178856258,0.26410122619674237
2,3,0.4288546236698808,0.4296823929662723,0.14146298336384688
3,4,0.4227041505330466,0.5076780538104468,0.06961779565650696
4,5,0.5427934893673941,0.014627719639215553,0.4425787909933905
5,6,0.3922951200848996,0.568717705981331,0.038987173933769007
6,7,0.461382614844242,0.40235002178872625,0.13626736336703185
7,8,0.4809712486428234,0.44293190448214204,0.07609684687503356
8,9,0.4023523453038994,0.39115060523349504,0.2064970494626053
9,10,0.4813457155441962,0.5100251858474362,0.008629098608367443
10,11,0.2706454370253593,0.48149972576116495,0.24785483721347543
11,12,0.4888538164241908,0.49119080364366097,0.01995537993214855
12,13,0.4862945438767269,0.49214839933244564,0.0215570567908274
13,14,0.49493570579485124,0.49742231266947773,0.007641981535671473
14,15,0.49679234182280807,0.4958497734369386,0.007357884740253431
15,16,0.47896575386463486,0.4844008327753924,0.03663341335997264
16,17,0.30343431323503367,0.5357917460190913,0.1607739407458752
17,18,0.4933636461711661,0.4463230983694955,0.06031325545933761
18,19,0.4831011685947177,0.4999641413344709,0.016934690070812074
19,20,0.501777041597474,0.4974535430096422,0.0007694153928839169
20,21,0.4096812193663635,0.4171888082742912,0.1731299723593455
21,22,0.49083469689121456,0.4898411951885695,0.019324107920215994
22,23,0.5005748962167262,0.49895668217184164,0.0004684216114324067
23,24,0.4636025103738883,0.477211886333821,0.059185603292290764
24,25,0.46935141207098735,0.4775438390675202,0.05310474886149208
25,26,0.49636632911318485,0.4757742674270844,0.02785940345973036
26,27,0.2512146610648501,0.42729099747663146,0.32149434145851846
27,28,0.46529158427959133,0.4682960067784584,0.06641240894195068
28,29,0.4268495751256033,0.5419896036335513,0.031160821240845727
29,30,0.46113694608001377,0.4210359191042539,0.11782713481573236
30,31,0.4923480606832717,0.0007706695420410261,0.5068812697746872
31,32,0.4283717647950381,0.08086674946165663,0.490761485743305
32,33,0.42104474007946957,0.278461298562349,0.3004939613581817
33,34,0.6526252515018846,0.14969449113421193,0.1976802573639034
34,35,0.4843184057095363,0.5019109741699695,0.013770620120494372
35,36,0.494567729112277,0.48571495437458606,0.019717316513137278
36,37,0.47361785247332894,0.46916056343843177,0.05722158408823936
37,38,0.42211323861972033,0.4507889575231993,0.1270978038570808
38,39,0.44852650726959625,0.41721603062806434,0.1342574621023392
39,40,0.45068754985145726,0.3762671782570089,0.1730452718915339
40,41,0.492315337438889,0.47908982551791346,0.028594837043197634
41,42,0.5027126758022539,0.4867954545373874,0.010491869660358134
42,43,0.32502996228481346,0.34418226297302873,0.3307877747421581
43,44,0.2751635588140048,0.40908692260008617,0.3157495185859086
44,45,0.2520143543012475,0.47099005327317656,0.276995592425576
45,46,0.5482560231152082,0.030810277404692315,0.4209336994800996
46,47,0.3909920621825862,0.23348353504273614,0.37552440277467763
47,48,0.4869935262750971,0.4174250609815903,0.09558141274331299
48,49,0.4137975117207218,0.1847236012050498,0.4014788870742277
49,50,0.40725989722653855,0.20818945172253614,0.38455065105092534
50,51,0.4989930373805497,0.0061374080783378904,0.4948695545411127
51,52,0.4811681654816685,0.03792474035938177,0.48090709415894933
52,53,0.44662960347716885,0.11142920724003662,0.4419411892827955
53,54,0.49666808870311885,0.006569612692834142,0.49676229860404747
54,55,0.4583462867791462,0.0779716239856737,0.46368208923518045
55,56,0.382008576796422,0.26581340341824977,0.3521780197853277
56,57,0.35524470341823283,0.3205763950246831,0.3241789015570842
57,58,0.4214363871708084,0.40891850011607617,0.16964511271311572
58,59,0.35820786440541547,0.3269684962919842,0.3148236393026002
59,60,0.3561754910349521,0.389912098851935,0.25391241011311266
60,61,0.4024618043340618,0.19290564984263933,0.4046325458232985
61,62,0.42362510083962035,0.21409246519904362,0.36228243396133564
62,63,0.41874549321795607,0.24897824610942348,0.3322762606726203
63,64,0.47702430674840424,0.06655867699431417,0.45641701625728176
64,65,0.46563030764776125,0.09618872510918262,0.4381809672430563
65,66,0.4567594086141691,0.13297682979325487,0.4102637615925758
66,67,0.40752096631421136,0.29215075950563246,0.3003282741801555
67,68,0.4235325530691875,0.2954805864447768,0.28098686048603577
68,69,0.4225455428208704,0.2976733024490259,0.27978115473010357
69,70,0.4592771909999287,0.08962859912898126,0.45109420987109017
70,71,0.4255574756889137,0.14828984621463506,0.426152678096451
71,72,0.41407605167604705,0.174261723886879,0.41166222443707373
72,73,0.4559859043996562,0.10099013640593091,0.4430239591944134
73,74,0.44722066831662516,0.10868792110341584,0.4440914105799592
74,75,0.4781910424332776,0.043856096052738255,0.47795286151398353
75,76,0.42820258666211797,0.14507208818578093,0.4267253251521008
76,77,0.5000994858439596,5.7624722357079774e-05,0.4998428894336834
77,78,0.409684637289523,0.17049949088367972,0.4198158718267975
78,79,0.48134965776754324,0.033677947978087305,0.48497239425436905
79,80,0.3959882983861095,0.19492491740998805,0.409086784203902
80,81,0.010396269864021208,0.48478516691565826,0.5048185632203199
81,82,0.3670931645487169,0.22917561159703975,0.4037312238542435
82,83,0.32844913062362335,0.250429775488048,0.42112109388832825
83,84,0.1642312433091962,0.3386062870147242,0.4971624696760788
84,85,0.2703954067515367,0.2300573221926751,0.49954727105578844
85,86,0.059196871016642214,0.4508404433802964,0.4899626856030608
86,87,0.3608192754390437,0.1846501193394103,0.45453060522154604
87,88,0.43082162113466516,0.12125855714760364,0.4479198217177314
88,89,0.4197614514503945,0.10668047719796772,0.47355807135163824
89,90,0.2604749441603938,0.3177103497515459,0.4218147060880607
90,91,0.25313423019863424,0.31047319942654855,0.4363925703748179
91,92,0.3741060010338564,0.22232862121135072,0.4035653777547926
92,93,0.46377667016261664,0.06749099928159438,0.46873233055578933
93,94,0.47225048259685265,0.0745966932832278,0.4531528241199196
94,95,0.4944189271718213,0.5035520026480008,0.002029070180177561
95,96,0.3989445530046389,0.4164865418116123,0.18456890518374838
96,97,0.3375793779394719,0.3991395957947715,0.2632810262657569
97,98,0.40851399535015065,0.19105035178432783,0.40043565286552174
98,99,0.4954707009539202,0.0071967707730071695,0.4973325282730728
99,100,0.3962948088660015,0.17685474175995028,0.42685044937404804
100,101,0.20253039180556925,0.35102856758831363,0.4464410406061175
101,102,0.003616856938807227,0.49987743812884944,0.4965057049323438
102,103,0.16840203356719896,0.5049702635548878,0.32662770287791365
103,104,0.4001073812779774,0.34780913217401105,0.2520834865480116
104,105,0.3200272210990567,0.4019481657937732,0.2780246131071693
105,106,0.36748493472688853,0.2743463914797379,0.3581686737933736
106,107,0.500730860840038,0.01430649994384987,0.4849626392161125
107,108,0.4797541372379801,0.05237107273090071,0.4678747900311196
108,109,0.4990906308927802,0.001472560132565555,0.49943680897465453
109,110,0.4723594528346314,0.0547999503906861,0.4728405967746827
110,111,0.4747493439076259,0.06050848564567977,0.4647421704466942
111,112,0.4735251639530462,0.025988177080367006,0.5004866589665866
112,113,0.5008248143477178,0.00022252122539949965,0.4989526644268826
113,114,0.3572825572178904,0.2678515597419817,0.374865883040128
114,115,0.4009724969570307,0.21580938484450965,0.3832181181984596
115,116,0.38161110071835586,0.2502206505880646,0.3681682486935794
116,117,0.43391771489135955,0.13859706564246502,0.42748521946617457
117,118,0.4853990730770387,0.02631395359449001,0.488286973328471
118,119,0.4689935055177546,0.0597365207306781,0.47126997375156776
119,120,0.4415701046083977,0.11639945247640542,0.44203044291519766
120,121,0.434331593682846,0.13857625943589305,0.42709214688126024
121,122,0.42068558331235745,0.16998494069679432,0.4093294759908482
122,123,0.4389204114960066,0.13243982079795108,0.4286397677060427
123,124,0.5003264665808559,0.004663069965213538,0.49501046345393024
124,125,0.48274112356663756,0.031039701466380947,0.48621917496698175
125,126,0.4866434087918345,0.02827204144508809,0.48508454976307713
126,127,0.4346209052402947,0.11705122016631594,0.44832787459338946
127,128,0.48778439786690636,0.01980991070666422,0.49240569142642954
128,129,0.49387841630871115,0.009686760741725484,0.49643482294956337
129,130,0.4322996909488549,0.1189983918253346,0.4487019172258109
130,131,0.481030887525287,0.0418116143937637,0.4771574980809489
131,132,0.4418476921385416,0.11979664234447406,0.4383556655169842
132,133,0.44389069731056074,0.11585590894167865,0.44025339374776024
133,134,0.4883915644179422,0.023950748022666328,0.48765768755939176
134,135,0.49742634980331485,0.004352720503824732,0.49822092969286075
135,136,0.4951897770092989,0.009195242216845395,0.49561498077385585
136,137,0.49847291966445373,0.001552231473842714,0.4999748488617041
137,138,0.4844016003556254,0.027746288946373626,0.4878521106980006
138,139,0.45941203124502594,0.07443356743757798,0.4661544013173965
139,140,0.4891224219149102,0.020376065029119737,0.49050151305596984
140,141,0.3728364922888732,0.255051745581497,0.3721117621296297
141,142,0.345833564582994,0.2963705601228229,0.3577958752941835
142,143,0.3978522420192143,0.17801513814544273,0.42413261983534306
143,144,0.47101005895854414,0.053295233034664026,0.47569470800679153
144,145,0.4467784512873619,0.102434700736307,0.4507868479763311
145,146,0.4506603741598987,0.10205785632094486,0.44728176951915627
146,147,0.4779237286774278,0.04091178809818595,0.48116448322438593
147,148,0.4999901197487528,8.193113509633429e-05,0.49992794911615135
148,149,0.4584083485631154,0.0842674763430399,0.4573241750938449
149,150,0.49978204612649807,0.0017678775513612277,0.49845007632214045
150,151,0.4844780290018971,0.025272501908310357,0.4902494690897926
151,152,0.5001674515464252,0.00021171200528041342,0.4996208364482943
152,153,0.49527615197055563,0.0096664491337667,0.49505739889567746
153,154,0.4426493742901416,0.1091749912696823,0.4481756344401762
154,155,0.4234591663411796,0.13485940593321172,0.4416814277256098
155,156,0.48868237114998475,0.02921268524857673,0.48210494360143846
156,157,0.4644166099445437,0.06480875436922205,0.47077463568623434
157,158,0.4243845258239977,0.10410663525220579,0.47150883892379686
158,159,0.3665466512708844,0.23241195960736474,0.4010413891217517
159,160,0.39505920364863145,0.1996930273672067,0.4052477689841622
160,161,0.46968662833791613,0.05660869126057182,0.47370468040151187
161,162,0.4485738432635524,0.06801085409484829,0.48341530264159893
162,163,0.43399726583364784,0.09853192749337701,0.467470806672975
163,164,0.4976927599055727,0.0019632850401571293,0.5003439550542703
164,165,0.49091815655325316,0.015236875432294942,0.49384496801445177
165,166,0.371803507776253,0.22634940795425332,0.401847084269494
166,167,0.47566183188914113,0.0728276269175643,0.4515105411932947
167,168,0.49977982370811735,0.00022510991242391691,0.49999506637945856
168,169,0.49078444841378416,0.019528799246975564,0.4896867523392405
169,170,0.45495771223711556,0.11319297733932562,0.431849310423559
170,171,0.4961468823158025,0.004928721420329257,0.4989243962638681
171,172,0.4624674143757146,0.06477022531041665,0.47276236031386853
172,173,0.4990503831104338,0.003652744784941765,0.4972968721046248
173,174,0.4896190960789531,0.017821415578323792,0.49255948834272306
174,175,0.4852389598264994,0.0251279901327342,0.48963305004076596
175,176,0.4902303388094239,0.012996870116921454,0.4967727910736551
176,177,0.49892458342176155,0.0011700382061334495,0.49990537837210536
177,178,0.4464491989935621,0.10597457260867248,0.4475762283977655
178,179,0.42338474725587527,0.1435618702765749,0.43305338246755004
179,180,0.4565751252763628,0.07969881535293438,0.46372605937070294
180,181,0.43957585978117464,0.11838864925187766,0.4420354909669474
181,182,0.49546095515074723,0.009193184107728217,0.49534586074152476
182,183,0.4931210275908297,0.013990259735384328,0.49288871267378587
183,184,0.4981724897841872,0.0022479654924336275,0.49957954472337956
184,185,0.45433847932482574,0.07064616748538824,0.4750153531897861
185,186,0.48952186902224043,0.012101800162830733,0.4983763308149301
186,187,0.43935483883625925,0.13404864986373283,0.4265965113000086
187,188,0.34690194611240016,0.14836813013341235,0.5047299237541873
188,189,0.46556989739313703,0.04280600325790394,0.49162409934895884
189,190,0.46870165761832233,0.0473230041654279,0.48397533821625
190,191,0.45164148549976024,0.09084129770706471,0.4575172167931754
191,192,0.44192693319776105,0.11838458682615471,0.43968847997608373
192,193,0.38231273407600663,0.22657015029074049,0.39111711563325285
193,194,0.4292814350573751,0.1379475197167313,0.43277104522589327
194,195,0.42766085466180076,0.15137148154469407,0.4209676637935049
195,196,0.48488988910187175,0.03826033022418381,0.4768497806739448
196,197,0.47730961406327277,0.04249970192635191,0.48019068401037507
197,198,0.47395229136448974,0.05041107325296778,0.47563663538254236
198,199,0.41017918305346146,0.15624625890646773,0.43357455804007117
199,200,0.35794611955731204,0.2457587644094867,0.3962951160332017
200,201,0.38430130404903373,0.17783439022924857,0.43786430572171753
201,202,0.43416469493843535,0.1332780806703531,0.4325572243912117
202,203,0.35946325455094874,0.27345388495165696,0.36708286049739464
203,204,0.3859075200280385,0.21937067923934553,0.3947218007326157
204,205,0.4978121337792186,0.005099394120494501,0.4970884721002869
205,206,0.4997772421126616,0.0002303791554968193,0.49999237873184127
206,207,0.4602933854083748,0.07620378805920504,0.4635028265324209
207,208,0.4845744355083184,0.016494360711275385,0.4989312037804062
208,209,0.4235812025637907,0.1446611235821786,0.43175767385403
209,210,0.4461595379908223,0.10800436829427137,0.445836093714906
210,211,0.484056745198915,0.018955086133002234,0.49698816866808243
211,212,0.43383643188187326,0.11460960783591648,0.45155396028221073
212,213,0.44449316880542095,0.09712414921001189,0.4583826819845661
213,214,0.4849600939820989,0.018152212573813248,0.4968876934440886
214,215,0.4768048026227284,0.031697325252554795,0.49149787212471624
215,216,0.4224223180992563,0.14318023143344558,0.4343974504672985
216,217,0.4807853481360046,0.0554687254435609,0.4637459264204344
217,218,0.49959027282214435,0.0008461214163270757,0.4995636057615287
218,219,0.49953860523508914,0.0015301398132987907,0.4989312549516116
219,220,0.4264846537648676,0.11409656309909087,0.45941878313604184
220,221,0.3768760936206246,0.2024566300433259,0.42066727633604967
221,222,0.4897685038175827,0.025050312585818357,0.4851811835965991
222,223,0.4608656516565499,0.07675862000701959,0.46237572833643037
223,224,0.4263891688871357,0.14888009334739105,0.42473073776547265
224,225,0.40926087363528835,0.17431733367229857,0.4164217926924127
225,226,0.5000627423940166,9.478856249203146e-06,0.4999277787497346
226,227,0.5003729220418804,6.593984288214438e-05,0.49956113811523717
227,228,0.5005065723451342,0.00010364799407239022,0.4993897796607933
228,229,0.44420625167749067,0.11891512346800706,0.4368786248545023
229,230,0.5004362724915385,0.014061262037713658,0.4855024654707481
230,231,0.4797426781538809,0.06621829552599835,0.4540390263201207
231,232,0.4955376568157911,0.002930928763779049,0.5015314144204298
232,233,0.4032700537847024,0.17148164844807412,0.4252482977672233
233,234,0.4728903247062065,0.054512097008030745,0.47259757828576315
234,235,0.48719533310829666,0.047277684075411074,0.46552698281629185
235,236,0.49919829259939474,0.0014051023456473652,0.49939660505495814
236,237,0.4989843910564395,0.0019793790672265957,0.49903622987633406
237,238,0.4745942710163682,0.04620334389993807,0.4792023850836938
238,239,0.4963456967213986,0.010774315540952753,0.49287998773764835
239,240,0.4357325863111526,0.12273958262104832,0.4415278310677993
240,241,0.35392915242500916,0.2652799337761563,0.38079091379883495
241,242,0.3707284980524397,0.2745561443855376,0.35471535756202277
242,243,0.4042060490403973,0.22203216823365776,0.37376178272594435
243,244,0.40317783668926194,0.24741766766404077,0.3494044956466974
244,245,0.3982780156903708,0.2668670919162704,0.33485489239335875
245,246,0.4067078298056431,0.21803924612468592,0.37525292406967076
246,247,0.46852677138179505,0.08637824859072281,0.4450949800274818
247,248,0.4951629101545732,0.035066566531540236,0.4697705233138868
248,249,0.48680075181347726,0.03518746556946237,0.47801178261706007
249,250,0.4998907152513175,0.00019809112917411467,0.49991119361950764
250,251,0.4867764792370619,0.026813758603484724,0.48640976215945314
251,252,0.4662050515685581,0.06786385853513816,0.46593108989630394
252,253,0.47608636884697686,0.04755083681748109,0.476362794335542
253,254,0.4988362485973376,0.004109660082077068,0.49705409132058515
254,255,0.4623619647119325,0.07024699743384052,0.467391037854227
255,256,0.4478653026057857,0.08827265251473383,0.4638620448794807
256,257,0.4885640037232864,0.009592250294513436,0.5018437459822
257,258,0.5002078634770647,0.00013125712668840935,0.49966087939624676
258,259,0.47762809380534715,0.040341798206088034,0.48203010798856516
259,260,0.4488067715805904,0.10672482216230413,0.4444684062571059
260,261,0.4420852529799293,0.12987361349147564,0.4280411335285947
261,262,0.4104293672462348,0.206674392691488,0.3828962400622771
262,263,0.49907781425040887,0.0006053717110062243,0.5003168140385849
263,264,0.4710946491752543,0.0576385507452604,0.47126680007948524
264,265,0.4666156718166877,0.06906936282110568,0.46431496536220684
265,266,0.4965050886893496,0.004569073044375146,0.4989258382662752
266,267,0.4027352270266111,0.1967176558248627,0.400547117148527
267,268,0.39858869849446377,0.20758547217520168,0.39382582933033483
268,269,0.417398268295297,0.17288380186041935,0.40971792984428324
269,270,0.4163598645952702,0.17535802653018626,0.4082821088745436
270,271,0.48365483041002494,0.06682714821848032,0.4495180213714946
271,272,0.4582159146446443,0.092738255527061,0.44904582982829433
272,273,0.36868122841043227,0.2619550065653792,0.3693637650241884
273,274,0.41380080222910726,0.2579243071818807,0.3282748905890122
274,275,0.4220954232825803,0.1642460056450722,0.41365857107234716
275,276,0.49412949072013945,0.008486277335137323,0.49738423194472337
276,277,0.4429171805462884,0.09650137551877298,0.46058144393493866
277,278,0.4929918354257538,0.007545311432802192,0.49946285314144356
278,279,0.47382055785032173,0.05156514484357531,0.4746142973061032
279,280,0.4846637126416896,0.03213328278566456,0.48320300457264564
280,281,0.475435372788244,0.04291731826721898,0.4816473089445371
281,282,0.49199688729225083,0.020238998351703598,0.4877641143560458
282,283,0.4640065200245129,0.09153132608401855,0.44446215389146787
283,284,0.46694554576528086,0.06224983879298573,0.4708046154417336
284,285,0.5000368705808976,3.84697965655094e-06,0.4999592824394456
285,286,0.49737704347112516,0.005631432871087408,0.4969915236577872
286,287,0.4767352906619285,0.06157507061752393,0.4616896387205471
287,288,0.3872568421331234,0.2504117954149445,0.36233136245193187
288,289,0.3704229936294617,0.2560933144784319,0.3734836918921071
289,290,0.40362102045930087,0.18158445976246332,0.41479451977823584
290,291,0.43578686390869215,0.12406877657452955,0.44014435951677866
291,292,0.42091469342295124,0.17123836386793476,0.40784694270911376
292,293,0.4378282018503897,0.1754189764924056,0.386752821657205
293,294,0.4902162958341312,0.06923382371914448,0.44054988044672505
294,295,0.511189096181486,0.018250956096148446,0.47055994772236553
295,296,0.41142880432227147,0.20678509252951768,0.3817861031482114
296,297,0.27078893888959954,0.2667096652052299,0.4625013959051703
297,298,0.49799125148361534,0.00011622917828245643,0.5018925193381027
298,299,0.4878346875649377,0.04462825098085422,0.46753706145420815
299,300,0.5024214979624742,0.01059245315927595,0.4869860488782497
300,301,0.4976588002983161,0.0008794259210043074,0.5014617737806794
301,302,0.4774581484107446,0.05516337336162206,0.4673784782276337
302,303,0.5007953392001476,0.00437922221354314,0.4948254385863093
303,304,0.4725502181716241,0.10314590752193672,0.4243038743064392
304,305,0.5006188704930032,0.0007228599178591165,0.4986582695891375
305,306,0.4892107284206259,0.01557800937320666,0.4952112622061666
306,307,0.4892058078016835,0.026345624350220195,0.48444856784809665
307,308,0.48007876683124484,0.04096668470681946,0.478954548461936
308,309,0.4967052261364827,0.0030334540765305164,0.5002613197869871
309,310,0.4923974074308707,0.0939382211184841,0.41366437145064544
310,311,0.5002990032608299,0.00021865034223660036,0.49948234639693373
311,312,0.43309980991410535,0.24023083490050626,0.32666935518538837
312,313,0.3819665625120048,0.39021845062093863,0.22781498686705617
313,314,0.32324672431872964,0.34183023828440523,0.33492303739686524
314,315,0.44601596611721633,0.11326227137556566,0.440721762507218
315,316,0.4281290163161373,0.1547240603783721,0.41714692330549
316,317,0.4395302362177362,0.12877887636793559,0.43169088741432865
317,318,0.46591256299006173,0.10803007965153978,0.4260573573583982
318,319,0.4902291684322493,0.010657090091817732,0.49911374147593307
319,320,0.4740011081067357,0.0641504833961451,0.4618484084971191
320,321,0.4643864820782631,0.10687333416235197,0.4287401837593847
321,322,0.4986853497827417,0.022809094416234226,0.4785055558010241
322,323,0.48248779707229056,0.03793108687039611,0.47958111605731335
323,324,0.48908906346730013,0.017032194062799967,0.4938787424698998
324,325,0.480813448663249,0.16512907678098337,0.35405747455576764
325,326,0.5076252503624459,0.02584916899164887,0.4665255806459051
326,327,0.4831838137082271,0.06893974991725559,0.44787643637451696
327,328,0.40604241040346595,0.2520837446027333,0.3418738449938014
328,329,0.4242395124371961,0.1462883130956201,0.4294721744671844
329,330,0.44350143856870994,0.15910278703735448,0.3973957743939353
330,331,0.4992126807366496,0.004015019728991757,0.4967722995343585
331,332,0.5003285249191813,0.0006226097024245774,0.4990488653783945
332,333,0.39611703893766176,0.24045518724686396,0.36342777381547464
333,334,0.4042448441663043,0.34122871435855273,0.2545264414751429
334,335,0.5027529109938731,0.015141413868043529,0.4821056751380833
335,336,0.42809061107659585,0.25406056285401263,0.3178488260693913
336,337,0.4491184285868544,0.12694144866708296,0.42394012274606263
337,338,0.4356256153364739,0.12845993106345593,0.43591445360007
338,339,0.45696925218384066,0.09191926660087649,0.4511114812152824
339,340,0.4367084457304695,0.13283348804999223,0.43045806621953847
340,341,0.494227352785966,0.04925974646421004,0.45651290074982415
341,342,0.4995000674341536,0.16955204362123025,0.33094788894461613
342,343,0.49624000933074325,0.1082135617190246,0.39554642895023207
343,344,0.41578650408982915,0.1501390648259923,0.434074431084179
344,345,0.4345102631623254,0.13559493987740934,0.42989479696026517
345,346,0.20258077243220227,0.3510784383368232,0.4463407892309748
346,347,0.2744661041249541,0.2156215269887144,0.5099123688863322
347,348,0.5002086112378334,0.00019603859108810123,0.499595350171078
348,349,0.45120578478431406,0.08422952999806116,0.4645646852176251
349,350,0.42448585713308984,0.11432536880379142,0.4611887740631186
350,351,0.2993385980856925,0.28619260136547586,0.4144688005488312
351,352,0.3223402133041524,0.3098346193129126,0.36782516738293536
352,353,0.4942943623972744,0.4833331315342594,0.02237250606846654
353,354,0.45514303390036404,0.17800216755926404,0.36685479854037223
354,355,0.47686100693811134,0.07111769821746891,0.45202129484442005
355,356,0.49434055816931916,0.05374226928018435,0.4519171725504967
356,357,0.5003494610459757,4.6277668377463426e-05,0.4996042612856467
357,358,0.36736274128846536,0.4766204231808065,0.15601683553072873
358,359,0.4400042260596221,0.3573614495484804,0.20263432439189738
359,360,0.3930253020286572,0.32434503953079163,0.2826296584405503
360,361,0.3603510585225566,0.3667236461495612,0.27292529532788223
361,362,0.3618702228307448,0.4304219006053641,0.2077078765638909
362,363,0.5614874452263848,0.06432562124507261,0.37418693352854243
363,364,0.42571332808335277,0.2514197822147602,0.32286688970188737
364,365,0.417690827505014,0.23231052923322595,0.34999864326175956
365,366,0.3778786720654209,0.2009256874910498,0.4211956404435297
366,367,0.5175671304597589,0.024138473224173885,0.45829439631606717
367,368,0.47581525424364296,0.10421230216415424,0.4199724435922027
368,369,0.0016028756318176532,0.5110999424661863,0.4872971819019966
369,370,0.5032675951579494,0.4952856325984087,0.0014467722436419211
370,371,0.5307029931067141,0.09922789854312948,0.37006910835015616
371,372,0.4956451319815526,0.026275143044009262,0.47807972497443885
372,373,0.4931130969991447,0.008331015991614411,0.4985558870092412
373,374,0.4187837107017449,0.19596599489787642,0.3852502944003789
374,375,0.47053964768607476,0.060712035761758314,0.46874831655216687
375,376,0.49280848734287064,0.029709055732001402,0.4774824569251278
376,377,0.4968717130062041,0.02019869792436598,0.4829295890694297
377,378,0.4927822896985406,0.037524501884285064,0.46969320841717477
378,379,0.4648637660800727,0.07570996309834639,0.45942627082158116
379,380,0.48217749745820004,0.04461806573824953,0.4732044368035503
380,381,0.4633199757556519,0.11460174876539533,0.4220782754789532
381,382,0.4762806721788057,0.4766531499748388,0.047066177846355285
382,383,0.35652135036662147,0.19187276079505008,0.45160588883832886
383,384,0.3998329066505954,0.34499965317826636,0.2551674401711385
384,385,0.5207866296132652,0.43149607177425225,0.047717298612482535
385,386,0.45521836687241085,0.2803140295355213,0.26446760359206795
386,387,0.5042608232070898,0.49180682864118486,0.003932348151725165
387,388,0.49864797333377403,0.002831259090862821,0.4985207675753625
388,389,0.5037745470357979,0.06355041493683579,0.43267503802736645
389,390,0.4812440959385565,0.08627163958447334,0.4324842644769709
390,391,0.5045278617984607,0.029470635427592304,0.46600150277394725
391,392,0.48151167082983376,0.12465397138755474,0.39383435778261083
392,393,0.47839316352853,0.4535195559826301,0.06808728048883979
393,394,0.500935152944959,0.4199759774923826,0.07908886956265894
394,395,0.46977986755372136,0.12429460365450162,0.40592552879177746
395,396,0.41129676664678505,0.17287802004985228,0.4158252133033621
396,397,0.3067082203140994,0.23297967876566325,0.4603121009202377
397,398,0.452774066063646,0.5368799297330294,0.010346004203324325
398,399,0.28063306304490815,0.1457890687632868,0.573577868191805
399,400,0.49485642133746427,0.006922995798601363,0.49822058286393417
400,401,0.39385410698679824,0.32685410179596575,0.2792917912172356
401,402,0.49825122800374627,0.24587106324159208,0.25587770875466154
402,403,0.5093132787854703,0.09519957854841572,0.39548714266611407
403,404,0.5006682246939906,0.004306889206837116,0.4950248860991723
404,405,0.5018533006185184,0.05947920377360061,0.4386674956078808
405,406,0.4956124874138726,0.006166147678053276,0.4982213649080741
406,407,0.47480864184598576,0.1382596508832881,0.38693170727072607
407,408,0.3837963730325203,0.48214637891558587,0.13405724805189356
408,409,0.40595647215717406,0.49199206655401767,0.10205146128880824
409,410,0.21515529869697664,0.39446435719830697,0.39038034410471617
410,411,0.43867756891218196,0.11332987386457569,0.44799255722324216
411,412,0.6029582840844715,0.26130811223238776,0.13573360368314086
412,413,0.47844005724843397,0.4151753965410043,0.106384546210562
413,414,0.4871549223417358,0.5098651368246028,0.002979940833661963
414,415,0.484659492582129,0.4540869341524141,0.061253573265456995
415,416,0.28369666513368047,0.2815214669905647,0.43478186787575424
416,417,0.4735349898724109,0.004485752482827265,0.5219792576447615
417,418,0.49894575507119554,0.0005221327705669655,0.5005321121582377
418,419,0.5194550267210729,0.01558675152529736,0.4649582217536296
419,420,0.2144023658129671,0.4240807236127445,0.36151691057428875
420,421,0.4774636572865844,0.4532746260855866,0.06926171662782925
421,422,0.41723120262145635,0.31006695602856593,0.27270184134997705
422,423,0.47664182349487777,0.016917548347746832,0.5064406281573756
423,424,0.49584153832936145,0.0006509468734552915,0.5035075147971836
424,425,0.5579296028985637,0.08510656729962307,0.35696382980181324
425,426,0.391872231348732,0.08134759976035048,0.526780168890917
426,427,0.5175493999785167,0.02012643913116452,0.46232416089031914
427,428,0.4792732855378521,0.024047910168625584,0.49667880429352224
428,429,0.23928643517540502,0.36876967725727244,0.39194388756732185
429,430,0.17144835572807987,0.5305218669859854,0.29802977728593577
430,431,0.17455771390641434,0.2526916362581372,0.5727506498354487
431,432,0.3114292048906429,0.24621967607309098,0.4423511190362666
432,433,0.001811701678464622,0.5118674937161343,0.48632080460540117
433,434,0.22245105744317922,0.29145500503424854,0.4860939375225725
434,435,0.4393671110420242,0.27352421149541284,0.28710867746256313
435,436,0.48093620806596427,0.0794784938950643,0.43958529803897173
436,437,0.5019479014395144,0.006476882753890396,0.49157521580659475
437,438,0.36817501603682606,0.31397482178893155,0.3178501621742429
438,439,0.34396704486264745,0.19486444328519378,0.46116851185215924
439,440,0.4741779904992144,0.10083686072235727,0.42498514877842847
440,441,0.3454122993347151,0.17869913932264267,0.47588856134264224
441,442,0.2064612246215574,0.45951336385444796,0.3340254115239945
442,443,0.023785286691062578,0.5189485976274804,0.457266115681457
443,444,0.5916969285658908,0.1598354870316615,0.2484675844024475
444,445,0.389439362554325,0.28330413083546596,0.3272565066102091
445,446,0.4403496468629314,0.10452851985560026,0.45512183328146844
446,447,0.49908418528466664,0.00029313189909809304,0.5006226828162353
447,448,0.4642579187266819,0.14587593756976877,0.3898661437035495
448,449,0.4467703663627076,0.3560043105430886,0.19722532309420304
449,450,0.49528262968254394,0.0005119041952518564,0.5042054661222045
450,451,0.4518970269802242,0.06023562690312851,0.4878673461166472
451,452,0.5055692020558461,0.02637375108802234,0.4680570468561316
452,453,0.5016670794592447,0.0030997336645511198,0.49523318687620455
453,454,0.40941494270059187,0.035337454775357824,0.5552476025240505
454,455,0.543074466508864,0.1605510945379966,0.2963744389531394
455,456,0.33700071678301496,0.10665908006773356,0.5563402031492514
456,457,0.1423232317842019,0.45650290243704017,0.4011738657787577
457,458,0.5311063585152708,0.0028940285281135627,0.4659996129566154
458,459,0.4556418971622395,0.02204069934937377,0.5223174034883867
459,460,0.24639333456885404,0.5300888605303277,0.22351780490081813
460,461,0.44123527909037447,0.4127908531141063,0.14597386779551966
461,462,0.5007124252905619,0.48804087794873136,0.01124669676070668
462,463,0.5045419505632812,0.4743393136047354,0.021118735831983253
463,464,0.46296268877299374,0.27269561215999494,0.2643416990670114
464,465,0.4425795189889552,0.3192169243984593,0.23820355661258566
465,466,0.395746355825893,0.28450832418145755,0.3197453199926489
466,467,0.08515500289929126,0.3919911927684615,0.5228538043322473
467,468,0.22444459277497583,0.2737986154787744,0.5017567917462495
468,469,0.27884600856171404,0.24441302940396953,0.4767409620343162
469,470,0.5899896251469252,0.3223302053085866,0.08768016954448835
470,471,0.5027576619248294,0.49680679211227435,0.0004355459628960765
471,472,0.5736729378711425,0.23870192675407598,0.18762513537478198
472,473,0.49311610106510134,0.49181849546000067,0.015065403474897992
473,474,0.5153198446251835,0.45320666715790436,0.03147348821691207
474,475,0.4580036136148167,0.5135210997430343,0.028475286642148937
475,476,0.14020869693345364,0.3028149562758844,0.5569763467906611
476,477,0.4438486711977678,0.21019284020184076,0.3459584886003919
477,478,0.5866619799618485,0.38626971176287794,0.02706830827527339
478,479,0.5388926755014437,0.3011138577499131,0.15999346674864307
479,480,0.4408879110326978,0.47390426101577005,0.08520782795153192
480,481,0.47829736856147576,0.23186099042117533,0.2898416410173494
481,482,0.4766740409360827,0.05903148135328131,0.46429447771063653
482,483,0.4664537231406313,0.272848825588511,0.26069745127085764
483,484,0.4834860327003147,0.3713257175540257,0.1451882497456597
484,485,0.5094907135354118,0.31974538816582443,0.1707638982987638
485,486,0.4665265041059529,0.5269089731631986,0.006564522730848206
486,487,0.4757748381941037,0.11538099485610677,0.40884416694978887
487,488,0.4999904611519718,3.140229778151356e-05,0.499978136550247
488,489,0.5244198290534514,0.13837987156922887,0.33720029937731966
489,490,0.3177540022700256,0.38451300100719465,0.29773299672277925
490,491,0.3446925494056998,0.3169178820811068,0.3383895685131938
491,492,0.418663160983756,0.33811897805517754,0.24321786096106585
492,493,0.5295123546353817,0.46388554373342145,0.006602101631196948
493,494,0.3268881548589827,0.5589490512402449,0.11416279390077239
494,495,0.39080138849411566,0.5456942424512429,0.06350436905464123
495,496,0.49230018554974914,0.37004871544474044,0.13765109900551
496,497,0.4486825808096855,0.3912352269160378,0.1600821922742768
497,498,0.3913185947375516,0.21151745518566287,0.397163950076786
498,499,0.06972818935456411,0.44764606690147435,0.48262574374396155
499,500,0.5681780267240537,0.28404293371034395,0.14777903956560265
500,501,0.29044611641137896,0.4625233935685534,0.2470304900200673
501,502,0.49056892550531134,0.0187906160171554,0.49064045847753324
502,503,0.46693286831605924,0.5086111988364302,0.02445593284751025
503,504,0.49338119607189074,0.5010085254263915,0.005610278501717109
504,505,0.3783938970043732,0.4398340475613586,0.18177205543426803
505,506,0.21075906476023606,0.23797387697496858,0.551267058264795
506,507,0.48716430245082903,0.2916742477514804,0.2211614497976911
507,508,0.47139630832398005,0.42441781211515167,0.10418587956086865
508,509,0.44967310150071066,0.2832908434994035,0.26703605499988603
509,510,0.4353492671892365,0.2751477413303889,0.28950299148037434
510,511,0.4727856205431069,0.33401086520789325,0.1932035142489999
511,512,0.5066707213508256,0.01819590082688134,0.47513337782229337
512,513,0.5122472698894831,0.16807054099716398,0.31968218911335244
513,514,0.5010125952500353,0.49403393558485675,0.00495346916510856
514,515,0.49461852423763586,0.04518921679905794,0.4601922589633057
515,516,0.2355633678819971,0.5440660451825775,0.22037058693542574
516,517,0.5322727534460371,0.4077978266488832,0.059929419905080335
517,518,0.45235813313383993,0.4454845547567696,0.10215731210939093
518,519,0.3003549835942058,0.1893322278905063,0.5103127885152875
519,520,0.48842645154828596,0.0025670211141873124,0.5090065273375264
520,521,0.44211016313128393,0.4234141670720218,0.13447566979669506
521,522,0.4323206429217037,0.21812777198691752,0.34955158509137846
522,523,0.49422452663658156,0.05064728964067678,0.4551281837227412
523,524,0.5861506053480883,0.06991732869505242,0.34393206595685966
524,525,0.41856789009712553,0.36351502620843285,0.2179170836944412
525,526,0.3964321721165796,0.18939307004984188,0.41417475783357893
526,527,0.24460161610466763,0.31982402391346804,0.43557435998186395
527,528,0.4335525767671915,0.14573629379528244,0.42071112943752564
528,529,0.43779771224195224,0.15313660255372294,0.4090656852043246
529,530,0.5032864927011913,0.03712892605898978,0.45958458123981893
530,531,0.05394583821436655,0.5809389860896204,0.3651151756960131
531,532,0.38796356877374527,0.20757487145393383,0.4044615597723207
532,533,0.34637735657954855,0.31626059773454185,0.33736204568590955
533,534,0.4383312247982019,0.05632903889421588,0.5053397363075824
534,535,0.37429868223714763,0.15110682490232347,0.4745944928605289
535,536,0.5160247700502046,0.09510923076147176,0.3888659991883234
536,537,0.3088416150488825,0.2182139082647887,0.4729444766863282
537,538,0.43290229204080705,0.3707301144086428,0.19636759355055033
538,539,0.48982878718289363,0.49641036162559027,0.013760851191516077
539,540,0.4834234158576099,0.449387830172908,0.06718875396948208
540,541,0.46707573628104165,0.1347618352347571,0.39816242848420097
541,542,0.16048660730826692,0.5391508713962447,0.3003625212954882
542,543,0.49851357183556194,0.5014684845763324,1.7943588105254316e-05
543,544,0.4166081963858034,0.5271325430610256,0.056259260553171486
544,545,0.5133805205949306,0.4714694702390895,0.015150009165980274
545,546,0.5243321414419576,0.424287340211143,0.051380518346899016
546,547,0.4891193782036166,0.496108825532192,0.014771796264191025
547,548,0.4877774645051793,0.46542710810285637,0.04679542739196405
548,549,0.498660286769515,0.4995431198621357,0.0017965933683489733
549,550,0.5693154179062695,0.3992983621901745,0.03138621990355658
550,551,0.28781688991197457,0.2792213222779883,0.43296178781003725
551,552,0.09626874265347357,0.39259924054206735,0.5111320168044596
552,553,0.3602076033092426,0.35068737866810445,0.2891050180226533
553,554,0.412233632145707,0.4272971967093673,0.16046917114492557
554,555,0.48582878877150465,0.05036537253751025,0.46380583869098535
555,556,0.5068471011201712,0.11007235010884558,0.38308054877098274
556,557,0.45246338581308676,0.4861415246377114,0.061395089549202614
557,558,0.49841447011379086,0.5015493523237128,3.617756249622596e-05
558,559,0.38626083262955335,0.3790630974980622,0.2346760698723847
559,560,0.30488295097716755,0.13874747379609895,0.5563695752267336
560,561,0.2275014934159785,0.5846487332997002,0.18784977328432098
561,562,0.5124346863638504,0.2784040488143385,0.2091612648218111
562,563,0.5199558705844128,0.03124509027930576,0.4487990391362817
563,564,0.5037693157750183,0.0023051558126536043,0.49392552841232834
564,565,0.4576437326486754,0.5099400571734203,0.03241621017790453
565,566,0.4682676407256992,0.14973097427010834,0.3820013850041929
566,567,0.4822799898646139,0.07605974332828999,0.4416602668070959
567,568,0.5079119177147225,0.4840628062597309,0.008025276025547215
568,569,0.47218829904940884,0.3841076116786595,0.14370408927193168
569,570,0.33041544230686803,0.5884753631684159,0.08110919452471611
570,571,0.41623796184511225,0.5015936284912607,0.0821684096636274
571,572,0.39554933753030486,0.4832699607891535,0.12118070168054143
572,573,0.4274052719691084,0.42530839711513124,0.1472863309157599
573,574,0.4723948002443234,0.40469961207684396,0.12290558767883289
574,575,0.3391082574492645,0.3561463552958603,0.3047453872548754
575,576,0.08079012023882,0.47732695042850265,0.4418829293326775
576,577,0.09302087372485175,0.47362907206075766,0.4333500542143902
577,578,0.07732282532537789,0.5276356007038407,0.3950415739707812
578,579,0.40987108684585044,0.02317129699094377,0.5669576161632067
579,580,0.4296778909901445,0.28725080734522673,0.2830713016646287
580,581,0.38446673263492437,0.2748244644721462,0.34070880289292915
581,582,0.48697310150839457,0.025270430856307098,0.48775646763529823
582,583,0.4970408104821563,0.05296917688755076,0.4499900126302927
583,584,0.10151242585475247,0.41438947503577706,0.48409809910947094
584,585,0.17701797294178584,0.36865783732748403,0.45432418973073047
585,586,0.4988271207252788,0.10140835707591225,0.39976452219880904
586,587,0.5211084629058363,0.29920387150601246,0.1796876655881514
587,588,0.5076851689780794,0.48920872986873354,0.0031061011531875547
588,589,0.4727547413876127,0.0041354891895755445,0.5231097694228121
589,590,0.49533992030406543,0.3539136433751624,0.15074643632077203
590,591,0.5003685379842329,0.371590202406143,0.12804125960962415
591,592,0.5196587993908468,0.022474285141410148,0.4578669154677434
592,593,0.5007403207254504,0.0023318460940460555,0.49692783318050343
593,594,0.5004786219969591,0.10660351387412244,0.3929178641289186
594,595,0.5035178337816901,0.488229149088559,0.008253017129750488
595,596,0.4801105873861566,0.007655056440777141,0.5122343561730667
596,597,0.44117714312190437,0.547667000132303,0.011155856745792553
597,598,0.22656720957362342,0.34324665969475804,0.43018613073161865
598,599,0.5123766448517023,0.48215636517523824,0.005466989973059856
599,600,0.513282780845934,0.4852914487958962,0.0014257703581692788
