,Window_Index,Loading_Temperature_Prop,Loading_force_Prop,Loading_Voltage_Prop
0,1,0.38078456110839326,0.5169609346668872,0.10225450422471954
1,2,0.4999462475088667,0.5000467688463801,6.983644753207377e-06
2,3,0.4619930977797842,0.45653152800285307,0.08147537421736266
3,4,0.49701174537572057,0.5015088190175817,0.0014794356066979207
4,5,0.5825499076992553,0.21631980832220657,0.2011302839785379
5,6,0.31378754850645524,0.5717181254281963,0.11449432606534792
6,7,0.4630454324391807,0.5170175454442553,0.019937022116564902
7,8,0.334260147109796,0.4213929664824252,0.2443468864077792
8,9,0.408526534367978,0.3417575206356577,0.2497159449963645
9,10,0.4971028525747813,0.42964938667009606,0.07324776075512252
10,11,0.4954475210828786,0.47578827575285343,0.028764203164267997
11,12,0.4731352702583673,0.3122811848784544,0.2145835448631785
12,13,0.49458182141483237,0.48333877993735397,0.022079398647813667
13,14,0.4762178374840436,0.45759178835612613,0.06619037415983092
14,15,0.47801742720561646,0.48994156994779053,0.03204100284659233
15,16,0.5004926231237982,0.49874565954032346,0.0007617173358781212
16,17,0.49174648570752566,0.49192504819217747,0.016328466100297232
17,18,0.490588163595411,0.4901464526527405,0.01926538375184799
18,19,0.46999062122918456,0.4817701156197391,0.04823926315107614
19,20,0.48344283128695537,0.49530084787425527,0.021256320838788766
20,21,0.5126807891072638,0.47913334644718775,0.008185864445548578
21,22,0.5007887858508248,0.4937601608285999,0.005451053320575546
22,23,0.49993933763871673,0.49938483281394513,0.0006758295473380527
23,24,0.4918841132540648,0.4940110334230154,0.014104853322919605
24,25,0.5384399399943302,0.4055890753878434,0.05597098461782651
25,26,0.5334974231355181,0.22800789149898096,0.23849468536550114
26,27,0.511990594134933,0.4635356079568747,0.024473797908192346
27,28,0.47385905369401277,0.4776701175992005,0.04847082870678709
28,29,0.4993876926537747,0.5001112204599433,0.0005010868862820233
29,30,0.4577684209703138,0.4587947582083402,0.0834368208213456
30,31,0.44056035461531584,0.21935891480162245,0.34008073058306154
31,32,0.46062672439997054,0.4356082466901916,0.1037650289098374
32,33,0.43058914130866616,0.49057848098054235,0.07883237771079146
33,34,0.5010284012669622,0.49814582450235706,0.000825774230680576
34,35,0.47559102207963944,0.47245873491242774,0.051950243007932745
35,36,0.4373413607360782,0.4469627541183105,0.11569588514561181
36,37,0.4958789213359789,0.4790570036219693,0.025064075042051034
37,38,0.49992465003840053,0.5000724275456017,2.922415997510792e-06
38,39,0.3481685923205508,0.45971452737859525,0.19211688030085397
39,40,0.4966694183510681,0.49596014584901993,0.007370435799911818
40,41,0.4428563416434272,0.46678264619888127,0.09036101215769192
41,42,0.4981603207150636,0.49652788110620344,0.005311798178732929
42,43,0.2685826784403003,0.3749125936225212,0.3565047279371781
43,44,0.2418019841015116,0.418022851294718,0.34017516460377056
44,45,0.15126930648577144,0.5095855721481315,0.33914512136609676
45,46,0.30317356118737576,0.344228446565308,0.35259799224731636
46,47,0.3492606739734548,0.33937034164929075,0.3113689843772541
47,48,0.40182832208412744,0.33768731778190403,0.2604843601339694
48,49,0.4056940000449732,0.263822171283779,0.33048382867124776
49,50,0.5053918529537801,0.009200452951511989,0.4854076940947082
50,51,0.49137067826006864,0.00739483034035659,0.5012344913995749
51,52,0.42817919987041503,0.21966496407204425,0.3521558360575405
52,53,0.3695396032810163,0.31458738548156456,0.31587301123741857
53,54,0.4577831899503677,0.39934551493303927,0.14287129511659316
54,55,0.3489288414574619,0.3327362690298421,0.31833488951269556
55,56,0.4952417914071407,0.4975119139244825,0.007246294668377004
56,57,0.42274581261835154,0.34543613439017,0.23181805299147804
57,58,0.3463292246929882,0.3221048569962184,0.33156591831079313
58,59,0.3484631714397764,0.3026059175462194,0.34893091101400425
59,60,0.3415062110218651,0.3076572199841691,0.35083656899396565
60,61,0.3418855013700879,0.2955170219257274,0.3625974767041845
61,62,0.3520094111910994,0.2959535674370676,0.3520370213718331
62,63,0.3396887721955719,0.29769537541234203,0.3626158523920855
63,64,0.33599127321436467,0.24659338225763033,0.4174153445280052
64,65,0.40430868959772204,0.12503478042525254,0.4706565299770248
65,66,0.4692224990963735,0.058427974318643404,0.47234952658498297
66,67,0.4913755890386331,0.019787587064218584,0.4888368238971481
67,68,0.44301082217805654,0.12498257463994238,0.4320066031820014
68,69,0.42246724049341655,0.19455438756767895,0.3829783719389038
69,70,0.43983440869932466,0.24342398935392967,0.31674160194674666
70,71,0.4173618037964622,0.41963417271186687,0.16300402349167126
71,72,0.4450609904631269,0.07592147414337144,0.47901753539350167
72,73,0.4533997000186218,0.07367872647338589,0.4729215735079927
73,74,0.3680927843973998,0.23094476065061992,0.40096245495197935
74,75,0.34584850630250114,0.2860372716918894,0.36811422200560884
75,76,0.3656804454418067,0.2552904399947655,0.3790291145634281
76,77,0.26774198336999006,0.36483380299733864,0.3674242136326709
77,78,0.46991046743107207,0.06736044781825648,0.4627290847506711
78,79,0.4233019402269518,0.07538066690073655,0.5013173928723116
79,80,0.4142587572353238,0.19131260576480616,0.39442863699986935
80,81,0.3221297211610151,0.31097929912460104,0.3668909797143836
81,82,0.06817699494633626,0.4819228367110498,0.4499001683426137
82,83,0.1721692356868316,0.4155868556049335,0.41224390870823446
83,84,0.3858557319390928,0.21711578461696762,0.39702848344393954
84,85,0.43355983008615595,0.1400213449058796,0.42641882500796424
85,86,0.29207363915773293,0.3095810060654051,0.3983453547768616
86,87,0.004317029248458074,0.4971644678428935,0.4985185029086473
87,88,0.035381015135293695,0.4681883704533294,0.49643061441137687
88,89,0.2043824955564947,0.3197652966384304,0.4758522078050754
89,90,0.018203600763913086,0.5161942072141906,0.4656021920218964
90,91,0.2609878478979019,0.20312528987029835,0.5358868622318003
91,92,0.2919804947980127,0.4149379571480703,0.2930815480539164
92,93,0.4544094757196518,0.4215903037567477,0.1240002205236007
93,94,0.4746638778798163,0.33374560017982474,0.191590521940359
94,95,0.47314016401885595,0.06733911599951918,0.45952071998162514
95,96,0.49642408641468894,0.007385005920544682,0.49619090766476637
96,97,0.4523707938146485,0.09096588567262126,0.45666332051273023
97,98,0.4724358355891245,0.03785119757931787,0.4897129668315575
98,99,0.49985338847391275,0.00012128304778008322,0.500025328478307
99,100,0.5002457395538643,0.007168263802072885,0.49258599664406283
100,101,0.36217873019072844,0.4461738551006554,0.19164741470861607
101,102,0.4009097072972801,0.08306153770120116,0.5160287550015185
102,103,0.25129382772977643,0.322642255509104,0.4260639167611188
103,104,0.3410592310071835,0.5241134035954912,0.1348273653973258
104,105,0.4846142666522136,0.504226495026704,0.011159238321082503
105,106,0.3854220045049645,0.2357752400899469,0.3788027554050884
106,107,0.3888030406102708,0.23393033032951982,0.3772666290602096
107,108,0.49913421745579306,0.0019246821904118098,0.4989411003537953
108,109,0.4471821791164734,0.08807769503546022,0.4647401258480669
109,110,0.44376118636612105,0.08473442834176773,0.4715043852921117
110,111,0.4411623216737809,0.3071633678146722,0.2516743105115468
111,112,0.498044024651041,0.002832423437746515,0.49912355191121244
112,113,0.4450250234283574,0.12184326937854989,0.43313170719309224
113,114,0.28928764852600986,0.3021007655815048,0.4086115858924851
114,115,0.44755492660252677,0.1131110433946635,0.4393340300028095
115,116,0.3856908628319527,0.23221011006625147,0.38209902710179594
116,117,0.3893841312219897,0.2326109624350676,0.37800490634294187
117,118,0.41160325412927906,0.19138544547622433,0.3970113003944957
118,119,0.39002179275427146,0.14143791620969937,0.4685402910360292
119,120,0.3184027027375001,0.2656432145763853,0.41595408268611445
120,121,0.49237292622486534,0.02390397273544286,0.48372310103969124
121,122,0.47377588296520173,0.05389266320332034,0.47233145383147757
122,123,0.4664071463990301,0.07690739405367084,0.45668545954729894
123,124,0.45708366354811736,0.2822916905120413,0.2606246459398414
124,125,0.5159299288555995,0.05478644161220703,0.42928362953219334
125,126,0.48669742532701776,0.032831023131595374,0.4804715515413872
126,127,0.43450041466681544,0.12870686024124803,0.4367927250919366
127,128,0.4440702239696838,0.09079767222641127,0.46513210380390496
128,129,0.48929092199658814,0.029180942261931544,0.48152813574148007
129,130,0.4967646700128655,0.006734646834058637,0.49650068315307627
130,131,0.4929647644958602,0.014583532687109227,0.492451702817031
131,132,0.4819168451360926,0.038871428040464596,0.4792117268234435
132,133,0.48954386808499095,0.030031320543534294,0.48042481137147514
133,134,0.3969692141099598,0.2136260047999947,0.38940478109004417
134,135,0.4109087549238665,0.1899558103902373,0.3991354346858963
135,136,0.40081024191332854,0.19358910555407782,0.4056006525325936
136,137,0.4683073552235425,0.04528328945520216,0.48640935532125557
137,138,0.4560068776247987,0.0809861109074299,0.46300701146777173
138,139,0.4555960833254684,0.08408021911889701,0.46032369755563485
139,140,0.4753547937449798,0.050053383227941374,0.47459182302707886
140,141,0.4748690786949878,0.05428660383433984,0.4708443174706729
141,142,0.36854946979721537,0.23293959183353394,0.3985109383692504
142,143,0.49089181072602744,0.007474801498365133,0.5016333877756075
143,144,0.4153135123052768,0.12776470597460327,0.456921781720119
144,145,0.40081554150038645,0.1400343423321154,0.459150116167498
145,146,0.35807415832561235,0.14787860243824424,0.49404723923614347
146,147,0.4906712455514596,0.013250182124313897,0.4960785723242268
147,148,0.4731222190687258,0.05006033363870651,0.4768174472925676
148,149,0.4650084435750677,0.0628569917848903,0.4721345646400418
149,150,0.49567191135326893,0.006654305330240673,0.49767378331649037
150,151,0.4930088006444608,0.028316227676599474,0.4786749716789407
151,152,0.4038600329398904,0.1365077320646877,0.4596322349954218
152,153,0.42379977852407735,0.13181929034853906,0.4443809311273834
153,154,0.485385483785725,0.026269726395658825,0.48834478981861595
154,155,0.496571787851225,0.009922372379650136,0.4935058397691255
155,156,0.4631125943717967,0.07586181560301136,0.46102559002519283
156,157,0.4261835024252351,0.143167950667696,0.4306485469070687
157,158,0.48242673744554715,0.03144729284044456,0.48612596971400834
158,159,0.49067744071525776,0.016447106896021683,0.4928754523887212
159,160,0.4250297995225798,0.16903779801836744,0.4059324024590533
160,161,0.46574094291964935,0.08222130221737083,0.4520377548629802
161,162,0.49900917855685206,0.005576968914668422,0.49541385252847936
162,163,0.49365076264461205,0.010343186890061019,0.49600605046532703
163,164,0.4995154722396659,0.0005377986351429038,0.49994672912519106
164,165,0.4683666521264646,0.0669058163693451,0.4647275315041903
165,166,0.4391561717237411,0.12611420601533807,0.4347296222609214
166,167,0.46694455894898274,0.06456700266577864,0.4684884383852383
167,168,0.49697343916538006,0.003852202409627141,0.49917435842499314
168,169,0.5060575689496618,0.011191725225022351,0.48275070582531554
169,170,0.46161381066020135,0.05605704765960609,0.48232914168019236
170,171,0.45997391757996087,0.0895095454613195,0.45051653695871957
171,172,0.4899775253838677,0.023524540866229533,0.48649793374990263
172,173,0.4976276513917607,0.0018086037323641016,0.5005637448758754
173,174,0.4904326672437654,0.013932846018269057,0.4956344867379657
174,175,0.45262823335392893,0.0760066872962967,0.47136507934977406
175,176,0.4845787227360017,0.012794503262022848,0.5026267740019755
176,177,0.45942550017957207,0.04991798121592679,0.490656518604501
177,178,0.4768427621614813,0.029062189707272198,0.4940950481312472
178,179,0.4647515209626687,0.059557627279631924,0.475690851757699
179,180,0.46894918188971385,0.058974075047640816,0.4720767430626453
180,181,0.47026098736557326,0.059668847899189296,0.47007016473523683
181,182,0.4986851764953127,0.0014610502905812333,0.4998537732141062
182,183,0.375866074983848,0.23997658579014208,0.38415733922601
183,184,0.41838647167034104,0.14662744156595683,0.43498608676370193
184,185,0.4249721256202534,0.1414878933023806,0.4335399810773659
185,186,0.4802551147081412,0.04066704803342253,0.47907783725843633
186,187,0.4968470101308424,0.007170086143156974,0.4959829037260008
187,188,0.4800486635725715,0.04292871957061349,0.4770226168568152
188,189,0.4765598236793818,0.049610157184725466,0.47383001913589284
189,190,0.5000082158133144,0.00029851425459265457,0.4996932699320932
190,191,0.4956085908266435,0.007227897797850442,0.4971635113755061
191,192,0.49923173319778646,0.0004114937130832427,0.5003567730891308
192,193,0.4981153850530177,0.0008119405214180477,0.5010726744255641
193,194,0.4998835086558301,0.007802414181737395,0.49231407716243303
194,195,0.49533607191312456,0.009058522536407656,0.4956054055504679
195,196,0.47074286796789216,0.05914483726354618,0.47011229476856065
196,197,0.44780478088705145,0.10402976630687946,0.448165452806069
197,198,0.4972473682679269,0.005774575924090453,0.4969780558079827
198,199,0.499674069419501,0.0002831684378642115,0.5000427621426347
199,200,0.4300660425728901,0.14139924820090757,0.4285347092262019
200,201,0.388333216291877,0.230148372665695,0.3815184110424275
201,202,0.400009665746565,0.2225808777354126,0.37740945651802266
202,203,0.4887278061349155,0.027331435695491256,0.4839407581695929
203,204,0.45562116397015595,0.08486765727410622,0.4595111787557378
204,205,0.47362960208483873,0.05294950405043371,0.47342089386472774
205,206,0.4447337509124284,0.11154729259165382,0.443718956495917
206,207,0.4852670424814931,0.0277792234965918,0.486953734021915
207,208,0.4994562678688696,0.0008127170667501018,0.49973101506438095
208,209,0.4979621810607637,0.005232065804402794,0.4968057531348337
209,210,0.4823594168228087,0.03753509169074389,0.48010549148644743
210,211,0.49993650705931053,0.0002986211581946529,0.49976487178249535
211,212,0.4942790374601445,0.008722622063486602,0.4969983404763685
212,213,0.48419837388336806,0.032486515555597104,0.48331511056103454
213,214,0.47642132473109083,0.059810837513123355,0.4637678377557859
214,215,0.4727265237786798,0.07233962113231454,0.4549338550890053
215,216,0.48415431962963285,0.049221678578169795,0.46662400179219754
216,217,0.4264127273630754,0.14829387506945033,0.4252933975674745
217,218,0.356064694909779,0.28712232153944195,0.356812983550779
218,219,0.4043516084723724,0.18760693993471714,0.40804145159291
219,220,0.48810601023247063,0.023066079643165278,0.48882791012436366
220,221,0.4848851208943793,0.03919955902037891,0.4759153200852418
221,222,0.4999581505156607,0.00022834266963737862,0.49981350681470227
222,223,0.46084512259055954,0.08969050319474232,0.4494643742146982
223,224,0.4813377808992658,0.03886066008318893,0.47980155901754507
224,225,0.4519882814269449,0.09092259621627605,0.45708912235677923
225,226,0.4521482544501451,0.10643544503974275,0.4414163005101124
226,227,0.4984496399615547,0.0035041147488646947,0.4980462452895806
227,228,0.48293688270499036,0.04058801274921648,0.4764751045457933
228,229,0.4431331569654914,0.12862298789017518,0.42824385514433344
229,230,0.4128810024321084,0.18717551396848667,0.39994348359940507
230,231,0.4818922193013959,0.06202973755489032,0.4560780431437134
231,232,0.49612885919244465,0.012290878521443723,0.49158026228611174
232,233,0.45803414556760713,0.07761647469610267,0.46434937973629004
233,234,0.4925649416578561,0.0037966844476990344,0.5036383738944445
234,235,0.48913364655959857,0.059938028294465595,0.4509283251459359
235,236,0.4996063142261457,0.00010620888924836639,0.5002874768846061
236,237,0.49940171313714043,0.0018017375800430582,0.498796549282817
237,238,0.4588544250512222,0.09624605495771696,0.44489951999106114
238,239,0.5005828245633122,0.0024824301884647515,0.49693474524822284
239,240,0.49091703359468075,0.021050947465230913,0.48803201894008835
240,241,0.49987299877151764,0.00107298439094123,0.4990540168375409
241,242,0.4977542166519986,0.003676713883544763,0.4985690694644563
242,243,0.4985181558408645,0.005200455900165367,0.49628138825897083
243,244,0.4995579319800223,0.00048243940526106747,0.4999596286147169
244,245,0.49984360082973645,0.00022763227321452904,0.49992876689704924
245,246,0.4733439554784106,0.06277672398414959,0.46387932053743947
246,247,0.4778744036434676,0.04517821957524033,0.4769473767812921
247,248,0.4617600031187597,0.058179942223409664,0.4800600546578311
248,249,0.46498586757234533,0.06942344758007822,0.46559068484757626
249,250,0.49731904627429635,0.005837773024158263,0.496843180701545
250,251,0.49542610318218233,0.010626694861254112,0.4939472019565634
251,252,0.4639184355931191,0.32619484380401176,0.20988672060286884
252,253,0.4947822801085413,0.014967688620948088,0.49025003127051103
253,254,0.49772151888750327,0.03335943360226191,0.46891904751023467
254,255,0.49616211162846513,0.024771646857873916,0.4790662415136615
255,256,0.4637684562232987,0.09876799765332292,0.43746354612337823
256,257,0.3752459660534622,0.3347584689658885,0.2899955649806495
257,258,0.4529895275777088,0.08054606879043465,0.4664644036318568
258,259,0.5055660769747922,0.039646007125702445,0.45478791589950585
259,260,0.4799547603027154,0.035239671601109454,0.48480556809617525
260,261,0.24320444505297595,0.3860066935834369,0.37078886136358674
261,262,0.4368654227879997,0.09583299333355938,0.4673015838784411
262,263,0.3951597179021182,0.18946910990034885,0.4153711721975332
263,264,0.4977877618799517,0.0014529526246391852,0.5007592854954086
264,265,0.4799941705585143,0.048478350336808106,0.4715274791046773
265,266,0.418233821848498,0.13981621680659498,0.4419499613449074
266,267,0.4361426173468127,0.1581107417800561,0.4057466408731308
267,268,0.4470446751780809,0.1454253639725008,0.40752996084941856
268,269,0.4354543797562072,0.08433440464814289,0.48021121559565016
269,270,0.49196021107846877,0.026573604277938746,0.48146618464359237
270,271,0.47042800400538387,0.075675101778604,0.45389689421601137
271,272,0.4904369569019825,0.028616722569026726,0.48094632052899033
272,273,0.4545820198688597,0.09850725924833852,0.44691072088280187
273,274,0.4940650594537223,0.015328077713546584,0.49060686283273114
274,275,0.45214814566719025,0.08114803853682394,0.46670381579598597
275,276,0.5001479750864556,4.540049851607167e-05,0.4998066244150287
276,277,0.4908910207828991,0.024992693660300703,0.48411628555680025
277,278,0.4617153293403471,0.07569635685444524,0.46258831380520743
278,279,0.49034663811673124,0.02162388477867977,0.4880294771045891
279,280,0.4968448483963977,0.012459199900637312,0.49069595170296454
280,281,0.4900882454586515,0.020499072594774757,0.4894126819465745
281,282,0.4862078926609393,0.1261098644488893,0.38768224289017195
282,283,0.41839576319954364,0.3891005647865393,0.19250367201391672
283,284,0.4998687102579226,0.0013285863844089102,0.4988027033576689
284,285,0.49854022234506007,0.19968719785827063,0.30177257979666894
285,286,0.4563291484882071,0.16674563755493482,0.3769252139568581
286,287,0.47550733274398654,0.043386513370851996,0.48110615388516154
287,288,0.5053802114861254,0.0036473528791307296,0.4909724356347435
288,289,0.5051581574303647,0.002032755295949454,0.4928090872736858
289,290,0.5008602568272521,0.0950084216938961,0.404131321478852
290,291,0.5409617224990798,0.222682037306866,0.2363562401940541
291,292,0.4484918276451669,0.3563752067767392,0.1951329655780939
292,293,0.42225817446047453,0.2513323097399086,0.3264095157996169
293,294,0.4839366868840573,0.10709201376163689,0.40897129935430576
294,295,0.4642594721935821,0.21441560202026536,0.32132492578615246
295,296,0.5177310559323014,0.1274307592146715,0.354838184853027
296,297,0.546455399587284,0.4161611902509898,0.03738341016172607
297,298,0.4990031144280926,0.0032188244250404537,0.4977780611468668
298,299,0.4919527286641889,0.030848684253663786,0.47719858708214746
299,300,0.42116604013692643,0.23804150541120447,0.34079245445186923
300,301,0.40426843482618224,0.23110368921237714,0.36462787596144025
301,302,0.46037248309338513,0.1502797737360279,0.38934774317058723
302,303,0.04126074271483279,0.39658671805606255,0.5621525392291052
303,304,0.38578783265112493,0.32828045796455585,0.28593170938431933
304,305,0.4482999939765231,0.23291525281276254,0.31878475321071426
305,306,0.4745112417607101,0.21072817844103775,0.3147605797982524
306,307,0.43703855188398316,0.4281136644130854,0.13484778370293132
307,308,0.48819343928100745,0.014592924526885476,0.4972136361921077
308,309,0.4389974151469589,0.30304745978951053,0.2579551250635303
309,310,0.4526912404446129,0.10460234589917787,0.44270641365620883
310,311,0.42577209042650505,0.08282687786686244,0.49140103170663246
311,312,0.5003113213663182,2.977646222128472e-05,0.4996589021714606
312,313,0.4859693652500934,0.04889088470063119,0.46513975004927505
313,314,0.4191975383708419,0.11198719538141934,0.4688152662477386
314,315,0.4582429180699067,0.11010961016065375,0.4316474717694395
315,316,0.10127288355725811,0.44976689518123186,0.4489602212615097
316,317,0.4864478116339212,0.02955734803106199,0.4839948403350168
317,318,0.5006834170063601,0.0013291213087130653,0.4979874616849267
318,319,0.48320787901651396,0.11071604975407313,0.40607607122941275
319,320,0.497617095802795,0.05083663846891809,0.45154626572828643
320,321,0.45157146737468995,0.056787102550156565,0.4916414300751533
321,322,0.4415771464397578,0.2996846132163086,0.25873824034393356
322,323,0.4345806402420458,0.2983622811672405,0.2670570785907139
323,324,0.4254925407570042,0.28337663454091294,0.29113082470208296
324,325,0.4925595957421645,0.43221693524545257,0.07522346901238319
325,326,0.5980290021979937,0.1903453040262127,0.21162569377579307
326,327,0.4099844079325631,0.3187926802267481,0.2712229118406891
327,328,0.49838441318515864,0.5012117241283737,0.0004038626864669284
328,329,0.4131420144913463,0.3322843023293032,0.25457368317935053
329,330,0.4842838841022978,0.47778619846392695,0.03792991743377591
330,331,0.451029657603215,0.349797592115851,0.19917275028093426
331,332,0.46888244158177145,0.12476163342795532,0.4063559249902726
332,333,0.4522762797372708,0.16168850813524857,0.38603521212748043
333,334,0.39283577776498,0.262305674755161,0.344858547479859
334,335,0.3247952824078162,0.25657069828509665,0.41863401930708716
335,336,0.4179316901844537,0.3845454686810747,0.1975228411344713
336,337,0.39803346491512853,0.4401931746649838,0.1617733604198875
337,338,0.5352103815376967,0.28063247308292233,0.1841571453793809
338,339,0.3572854986277049,0.4171038601031315,0.2256106412691634
339,340,0.35731023538775286,0.34144695302119776,0.30124281159104954
340,341,0.5049700965422895,0.010266365022736026,0.4847635384349746
341,342,0.49709082336098676,0.031399645625531915,0.47150953101348203
342,343,0.5012004661414555,0.000117100199876966,0.4986824336586679
343,344,0.4477163753529418,0.11882901948972391,0.43345460515733425
344,345,0.47554051368447237,0.03615573152904985,0.48830375478647775
345,346,0.4213644769165737,0.3137736368448329,0.26486188623859364
346,347,0.5164103559190382,0.0025216522239464526,0.48106799185701554
347,348,0.48187687779310057,0.0075178287275527505,0.5106052934793471
348,349,0.3371200176302906,0.08289001201322165,0.5799899703564877
349,350,0.4318310016164274,0.16115926766868327,0.40700973071488905
350,351,0.5009627634347749,0.47841719329530896,0.020620043269916
351,352,0.4477137482812137,0.5110528332505776,0.041233418468208584
352,353,0.4537442200621017,0.10658601564868965,0.4396697642892092
353,354,0.5579227937072908,0.054387369087787955,0.3876898372049211
354,355,0.49724378181343226,0.502319377903229,0.0004368402833387444
355,356,0.4992894389720684,0.4642683479333198,0.03644221309461146
356,357,0.45274159641831413,0.3929152659275741,0.1543431376541118
357,358,0.3281271005509097,0.3657600154790724,0.3061128839700188
358,359,0.31203475946103504,0.36909831287124534,0.3188669276677191
359,360,0.16389145062926277,0.4351412707231102,0.400967278647627
360,361,0.42846705646167066,0.4729258662045156,0.09860707733381437
361,362,0.39739302976557983,0.4436553906644181,0.15895157957000136
362,363,0.49435095564370996,0.5029292211313497,0.002719823224940466
363,364,0.1803158766589105,0.22362209560716845,0.5960620277339211
364,365,0.42684260505341226,0.39927961073278084,0.17387778421380676
365,366,0.39336273393197635,0.47658512169249334,0.13005214437553067
366,367,0.2605928238851616,0.43797642291350664,0.3014307532013317
367,368,0.3236968087946644,0.3072498341924704,0.36905335701286546
368,369,0.4014908667881478,0.13426625396609912,0.46424287924575347
369,370,0.4795336372087287,0.51377104786361,0.006695314927660926
370,371,0.34492078258585823,0.2884127893475552,0.36666642806658656
371,372,0.035965747878101646,0.5084433562538427,0.4555908958680557
372,373,0.48011226273302726,0.011612967014346257,0.5082747702526267
373,374,0.3533191800700854,0.47703765508916696,0.16964316484074768
374,375,0.4942414034466358,0.001630368194057879,0.5041282283593064
375,376,0.4593188525357062,0.028252911803360106,0.5124282356609337
376,377,0.4420209485511879,0.03379798841343501,0.5241810630353769
377,378,0.4983556097424939,0.4949835499301262,0.006660840327379778
378,379,0.2506398445291261,0.4099041866113698,0.3394559688595042
379,380,0.49728211466161876,0.29247749437107495,0.2102403909673067
380,381,0.47627878574801175,0.23833327109582747,0.2853879431561614
381,382,0.38051633086477743,0.3933246964309941,0.22615897270422805
382,383,0.31332430035228875,0.38551771992544454,0.30115797972226616
383,384,0.34932907094590754,0.44734190918099437,0.20332901987309787
384,385,0.4824833932224459,0.5146143033973505,0.0029023033802038434
385,386,0.47689216371030496,0.4413490918119455,0.08175874447774997
386,387,0.4398678909651099,0.530838276668051,0.0292938323668391
387,388,0.5008738910604507,0.00231708192752058,0.4968090270120285
388,389,0.41725415543763794,0.4102404520405933,0.1725053925217686
389,390,0.49133305851756803,0.25733991510372334,0.25132702637870835
390,391,0.5169424066301285,0.2576172730618206,0.22544032030805103
391,392,0.49460777118521027,0.11795288062090956,0.38743934819388004
392,393,0.5037562445802464,0.006233515410466752,0.49001024000928634
393,394,0.41722272989573705,0.36633082368196396,0.21644644642229915
394,395,0.5116925890069114,0.17469947969068225,0.31360793130240644
395,396,0.4296776544415778,0.30953375950438206,0.26078858605404037
396,397,0.5406867701421392,0.18750687705311442,0.27180635280474646
397,398,0.5862611084961157,0.2587412898987603,0.15499760160512463
398,399,0.4452789864709608,0.08666370385101665,0.4680573096780226
399,400,0.453810520930157,0.07740230808395701,0.46878717098588635
400,401,0.43150585392726865,0.3980757644767678,0.17041838159596384
401,402,0.4602518383974296,0.5019696839713517,0.03777847763121951
402,403,0.49872736339193396,0.5010880355915057,0.00018460101656053935
403,404,0.4590277218003178,0.2980714388282301,0.242900839371453
404,405,0.4470777783356698,0.13481624736199377,0.41810597430233637
405,406,0.3869100775409732,0.21892402604118685,0.3941658964178396
406,407,0.3280828169640298,0.31837759298333523,0.3535395900526353
407,408,0.591991261246372,0.10559604527673601,0.3024126934768921
408,409,0.5216617419910223,0.009952906473393105,0.46838535153558497
409,410,0.4879239093448384,0.14085022999045096,0.371225860664711
410,411,0.4949020970598479,0.5042268518411056,0.000871051099045593
411,412,0.4533520872002746,0.4896122424292178,0.05703567037050767
412,413,0.4773330959816278,0.36115407953913725,0.16151282447923487
413,414,0.43541400488514526,0.288894224790317,0.27569177032453773
414,415,0.43207209803101615,0.3242895351268816,0.243638366842102
415,416,0.5353643355977302,0.4197194065672003,0.04491625783506937
416,417,0.3633410488316327,0.4845209914610397,0.15213795970732727
417,418,0.4589686175671144,0.4620300787852559,0.07900130364762986
418,419,0.4933198806666314,0.5061205033669183,0.0005596159664504161
419,420,0.49728010761974095,0.015254819811006319,0.48746507256925264
420,421,0.4777030723532016,0.010972627577690809,0.5113243000691078
421,422,0.4075266675915375,0.1791994017421599,0.4132739306663031
422,423,0.39329985781159243,0.08361758955400345,0.5230825526344038
423,424,0.5296120703840682,0.38527621091263836,0.0851117187032938
424,425,0.501901790826718,0.4196242175300125,0.07847399164326957
425,426,0.2985875075940683,0.3291647295096693,0.3722477628962627
426,427,0.4294507658403695,0.07872877020542998,0.4918204639542004
427,428,0.44953275917671376,0.019369018271945922,0.5310982225513401
428,429,0.45020023961933886,0.44487750186681024,0.10492225851385126
429,430,0.5115840156270328,0.017423188744632428,0.47099279562833474
430,431,0.47850431099874696,0.0894634545687845,0.4320322344324683
431,432,0.5772762048158651,0.19696321764801838,0.2257605775361165
432,433,0.4977408660754792,0.41059681729260156,0.0916623166319197
433,434,0.530187234162901,0.3009645152008558,0.16884825063624348
434,435,0.4694232713988813,0.3416492527782164,0.18892747582290195
435,436,0.49862404121644655,0.5008048263237262,0.0005711324598268254
436,437,0.5722345926640173,0.34535595657887497,0.08240945075710758
437,438,0.46211085046742156,0.47200452793264264,0.06588462159993538
438,439,0.5164181273330793,0.44178486583799476,0.04179700682892642
439,440,0.38266347816541685,0.2053878268404542,0.411948694994129
440,441,0.5013582112263112,0.48152521513479396,0.017116573638894433
441,442,0.47650784096400406,0.18102752279627857,0.3424646362397177
442,443,0.46685611050307135,0.3438908621635363,0.18925302733339253
443,444,0.4840596143674577,0.045340913817054226,0.47059947181548795
444,445,0.46433453387715357,0.05569455276544267,0.47997091335740383
445,446,0.539477672622489,0.4240839984528375,0.03643832892467352
446,447,0.4672495206944675,0.4774244661771483,0.05532601312838403
447,448,0.33372778960071225,0.5529459807631981,0.11332622963608935
448,449,0.3885938361282286,0.22977063123240904,0.381635532639363
449,450,0.41009968266598823,0.12885951982570665,0.4610407975083053
450,451,0.3144096727429497,0.36240614703965635,0.32318418021739453
451,452,0.54367615293115,0.05313597972993901,0.4031878673389111
452,453,0.4915671541427578,0.011814468445047561,0.49661837741219444
453,454,0.5117452702233046,0.015227585766795835,0.47302714400989937
454,455,0.503107286198539,0.016874014725043116,0.4800186990764177
455,456,0.45363419266876037,0.3495284226592045,0.1968373846720358
456,457,0.4599988473973673,0.5057861961686737,0.03421495643395924
457,458,0.4990452685588171,0.0022925102552772145,0.49866222118590553
458,459,0.44104664991162074,0.14272672603044584,0.4162266240579337
459,460,0.4217123311615725,0.30824844534533125,0.2700392234930966
460,461,0.3983233428514596,0.4977085079006676,0.10396814924787297
461,462,0.524068843698558,0.4684014902951324,0.00752966600630955
462,463,0.47032965162304197,0.49604932663929185,0.033621021737666595
463,464,0.4344348092112132,0.16403211206503976,0.4015330787237468
464,465,0.4721253996308623,0.3302036962743848,0.19767090409475252
465,466,0.45250448418708444,0.37630096636533045,0.17119454944758453
466,467,0.524945145689659,0.45242621711134523,0.0226286371989964
467,468,0.5050337749473092,0.0005103717269832629,0.4944558533257074
468,469,0.5313166839677725,0.008252068396012845,0.4604312476362146
469,470,0.04953485521648179,0.47875149640642806,0.47171364837709057
470,471,0.00018042818006186402,0.4954591338236037,0.5043604379963345
471,472,0.4709048226372289,0.006817179276754546,0.5222779980860166
472,473,0.13502251681776828,0.47430273461324823,0.390674748568984
473,474,0.22494417621390997,0.2631349851118024,0.5119208386742876
474,475,0.4932846963750874,0.5051743917506222,0.0015409118742905354
475,476,0.4848723458011008,0.5106057496945297,0.004521904504369576
476,477,0.4914913883101546,0.5074592401739207,0.0010493715159249311
477,478,0.4821324636073587,0.0715406529469665,0.44632688344567495
478,479,0.5295788201548385,0.4436289574466313,0.02679222239853014
479,480,0.3453250066614775,0.4957476585430103,0.15892733479551227
480,481,0.4900056303226467,0.3716259117944953,0.13836845788285723
481,482,0.5120153904959137,0.13503152342957375,0.35295308607451276
482,483,0.5227495471840933,0.15121662800267954,0.32603382481322724
483,484,0.47270841071178227,0.04341312620680655,0.48387846308141136
484,485,0.5274039790407749,0.3948231326466999,0.07777288831252513
485,486,0.4988930308112557,0.49956646455959586,0.0015405046291486954
486,487,0.5023678394598362,0.1392571558545304,0.35837500468563327
487,488,0.516719611835415,0.036920939847201475,0.4463594483173832
488,489,0.2763746306687482,0.3684472893076678,0.3551780800235845
489,490,0.47715448925378295,0.0266083185016311,0.49623719224458623
490,491,0.4987171254138189,7.302846219909606e-05,0.5012098461239817
491,492,0.5048174362179356,0.0914735515360909,0.40370901224597355
492,493,0.5049159523822949,0.26570376277381336,0.22938028484389167
493,494,0.49282141848392463,0.3095657258101056,0.19761285570597004
494,495,0.48015152200685546,0.4037030605209474,0.11614541747219678
495,496,0.49833201867875054,0.055881091884822744,0.44578688943642636
496,497,0.4672267684235975,0.31863055909414945,0.2141426724822529
497,498,0.4253649727601345,0.5286212869624775,0.04601374027738798
498,499,0.3714798019672451,0.575517725618894,0.053002472413861
499,500,0.41504530363057224,0.08171455743364152,0.503240138935786
500,501,0.4197963739034172,0.5236866448015006,0.05651698129508241
501,502,0.551512473263873,0.403761253258112,0.0447262734780154
502,503,0.48969757491967153,0.46461845578154953,0.04568396929877805
503,504,0.5010136557649406,0.48722491959838704,0.011761424636672207
504,505,0.5037614826413758,0.4304064278726028,0.06583208948602166
505,506,0.5168030417517298,0.31152933781449677,0.1716676204337736
506,507,0.5359542839404466,0.31256216529446107,0.15148355076509204
507,508,0.4673094596506112,0.46262645730967017,0.07006408303971894
508,509,0.40944961465572194,0.5549649513584718,0.035585433985806256
509,510,0.08750123332155887,0.6158528959423815,0.29664587073605914
510,511,0.5037476130839099,0.49555478433063316,0.000697602585457264
511,512,0.41985343886648835,0.40542250105881233,0.17472406007469893
512,513,0.39365314938465606,0.3896703414845477,0.2166765091307962
513,514,0.2763646725179905,0.5101517340669285,0.2134835934150813
514,515,0.15893626938485492,0.366760949471227,0.47430278114391755
515,516,0.00044481754136599936,0.49690360616551027,0.5026515762931235
516,517,0.2819129301989966,0.49275404062319467,0.22533302917780906
517,518,0.36342814452272815,0.36844174663694423,0.26813010884032745
518,519,0.19813928667660624,0.476879998825897,0.32498071449749705
519,520,0.21009418069069127,0.23601034044348626,0.5538954788658218
520,521,0.47697734875500364,0.4928013081568397,0.030221343088156546
521,522,0.4837239480187516,0.4850788536930325,0.031197198288216134
522,523,0.4941886351940351,0.5032968767650513,0.00251448804091352
523,524,0.5569190731061221,0.011032115423062374,0.4320488114708158
524,525,0.36530640437929035,0.4021634567010602,0.23253013891964988
525,526,0.5179273855031823,0.32603336688829687,0.15603924760852067
526,527,0.40057710864973917,0.2654461288772516,0.33397676247300906
527,528,0.501730423046279,0.01529932675187274,0.4829702502018484
528,529,0.4961175295574368,0.5025499461638888,0.001332524278673974
529,530,0.48309408758519556,0.3836210622117635,0.13328485020304104
530,531,0.5161088905923616,0.35390089608356157,0.12999021332407662
531,532,0.13094375620509544,0.3374584385388538,0.5315978052560508
532,533,0.32107140799730444,0.19708463315614744,0.4818439588465479
533,534,0.4970321978655579,0.4695845863923583,0.03338321574208441
534,535,0.4725409905754142,0.06209558012458919,0.4653634292999964
535,536,0.5380789889623907,0.17502125016874964,0.2868997608688596
536,537,0.4858139938147399,0.0720130508433381,0.44217295534192236
537,538,0.4405782211824729,0.24732543844365584,0.3120963403738712
538,539,0.5134140225920897,0.4823418828879897,0.004244094519920632
