,Window_Index,Loading_Temperature_Prop,Loading_force_Prop,Loading_Voltage_Prop
0,1,0.3636476407551222,0.40362892202434797,0.23272343722053046
1,2,0.41474178873740575,0.46927690801872163,0.11598130324387235
2,3,0.4471849126044238,0.49438279234269633,0.05843229505288053
3,4,0.3856723008967475,0.5297824966154562,0.08454520248779628
4,5,0.46120042851374377,0.5077739577407697,0.031025613745486447
5,6,0.3868687259565657,0.4514028177053786,0.16172845633805621
6,7,0.3008538245677367,0.41971580474754167,0.279430370684722
7,8,0.49125219423597377,0.4990942469170237,0.009653558847002612
8,9,0.49317316317027116,0.005334464369103943,0.5014923724606251
9,10,0.3883482503272163,0.3846339545661159,0.2270177951066681
10,11,0.22536620844484773,0.4378896395298342,0.33674415202531816
11,12,0.4971182250172359,0.4926674676974744,0.010214307285289789
12,13,0.3792882542975186,0.4094177403026339,0.2112940053998482
13,14,0.4985161416285281,0.49008668384127324,0.011397174530198777
14,15,0.4974751515221245,0.4899639604515076,0.012560888026367345
15,16,0.49204013050213447,0.4899147678324397,0.018045101665425493
16,17,0.502757393984726,0.48309350827734593,0.01414909773792842
17,18,0.4869722353216486,0.48491305919311695,0.028114705485235012
18,19,0.4792555759913794,0.47690585816394887,0.04383856584467169
19,20,0.4997573387438735,0.49701889411181527,0.003223767144311895
20,21,0.48996931695813484,0.49673482575115147,0.013295857290713866
21,22,0.49615273909966806,0.5004488302271755,0.0033984306731568454
22,23,0.4754970185357025,0.4606419082821825,0.06386107318211492
23,24,0.4976021785191393,0.4988494620661043,0.003548359414756406
24,25,0.48536727494062976,0.5002597510167253,0.014372974042645165
25,26,0.45957057833382753,0.47453867930722776,0.06589074235894446
26,27,0.49887404579673056,0.5000282192755243,0.001097734927744959
27,28,0.49270407645511943,0.4867082038922479,0.020587719652632463
28,29,0.4960856841300695,0.4939709572213187,0.009943358648611194
29,30,0.4997163652938469,0.49985362706884384,0.000430007637309483
30,31,0.49628298163080786,0.49669627162752744,0.00702074674166447
31,32,0.4972955089551533,0.4935501476534075,0.009154343391439581
32,33,0.5013477906481946,0.4979891731684774,0.0006630361833280637
33,34,0.014009861842380735,0.5178450534545233,0.4681450847030961
34,35,0.4936515623682621,0.5057745524250882,0.0005738852066500522
35,36,0.03691089645220314,0.47689252652939973,0.4861965770183975
36,37,0.43507565739031656,0.4828396666427426,0.0820846759669401
37,38,0.4974081828711168,0.4938545810527357,0.008737236076148265
38,39,0.5068321751531665,0.4807280958647376,0.012439728982095945
39,40,0.18241782020073732,0.3702881936833457,0.44729398611591686
40,41,0.5055637003383519,0.47651237939241237,0.017923920269235716
41,42,0.5003660255170199,0.4983690987836093,0.0012648756993711284
42,43,0.4097614031079768,0.12667754896879488,0.4635610479232285
43,44,0.5017983420915128,0.48791921197081395,0.010282445937673235
44,45,0.42060604530865725,0.49241876095688475,0.08697519373445799
45,46,0.3352665372489495,0.2386187093531747,0.42611475339787547
46,47,0.32466940152758583,0.3395135971850165,0.335817001287398
47,48,0.3053520077231673,0.34913245098247947,0.3455155412943538
48,49,0.2604237573119165,0.3721822005871753,0.367394042100908
49,50,0.38128831170583743,0.10512416674547156,0.5135875215486908
50,51,0.39644664687683856,0.1554892737650253,0.4480640793581354
51,52,0.3853071239927249,0.3054417579844209,0.30925111802285454
52,53,0.3359976798081533,0.4346173283678574,0.22938499182398916
53,54,0.467106843860802,0.07919563466426283,0.4536975214749349
54,55,0.3685449291170482,0.24637419316451,0.38508087771844196
55,56,0.3678875416501941,0.32887524908171384,0.3032372092680921
56,57,0.5000670579534188,0.49991804876150003,1.4893285081733639e-05
57,58,0.37122056048297664,0.3893086200405772,0.23947081947644616
58,59,0.3591385960077602,0.37136665584086137,0.26949474815137775
59,60,0.3380427670035704,0.3057603629357694,0.3561968700606605
60,61,0.3390007316433496,0.3150465925590022,0.3459526757976486
61,62,0.3392954408474956,0.317336435637576,0.3433681235149292
62,63,0.3300441109211929,0.3354752374819838,0.33448065159682305
63,64,0.3490887682612299,0.332651746438597,0.3182594853001737
64,65,0.4193398195203772,0.4054360684860823,0.17522411199354038
65,66,0.3346222416039437,0.3335985279694123,0.33177923042664453
66,67,0.3407100235574869,0.34884267012065334,0.3104473063218598
67,68,0.34258998793610995,0.312236266287243,0.3451737457766469
68,69,0.3386261207126144,0.3195396494713084,0.3418342298160766
69,70,0.3509530888763519,0.28508552453655844,0.3639613865870901
70,71,0.3654156576689699,0.2890762309572545,0.3455081113737755
71,72,0.4962960959085005,0.4576989998229661,0.04600490426853339
72,73,0.48278398076722323,0.2131157670985947,0.30410025213418224
73,74,0.41846040644758914,0.16074272936792275,0.42079686418448814
74,75,0.40776089710367125,0.18190671477993536,0.4103323881163932
75,76,0.4164535198321243,0.17630886898826073,0.40723761117961504
76,77,0.40635170361345024,0.1926413951412088,0.40100690124534116
77,78,0.48857503541567165,0.026805179101586165,0.48461978548274276
78,79,0.4814206019432571,0.03675372755655744,0.48182567050018577
79,80,0.37922945873774716,0.22849238448690165,0.39227815677535144
80,81,0.29010144160476076,0.3537455004667349,0.35615305792850416
81,82,0.3146898379039726,0.3181767862953778,0.3671333758006493
82,83,0.0005570521215993571,0.49696419295957234,0.5024787549188284
83,84,0.4973081869938932,0.5019538703199921,0.0007379426861150872
84,85,0.3790563382651188,0.335277501664415,0.28566616007046614
85,86,0.39823634356276516,0.24251004624264497,0.3592536101945893
86,87,0.4143259986297037,0.1903506816314463,0.3953233197388497
87,88,0.4504378461276785,0.12289520742521891,0.4266669464471029
88,89,0.3727576830621558,0.2540397436045214,0.3732025733333228
89,90,0.4580247072668496,0.0762733253921482,0.4657019673410013
90,91,0.4675527109855271,0.05421580501610016,0.4782314839983725
91,92,0.46571790129967855,0.05200558770188991,0.48227651099843116
92,93,0.40705874317106,0.18773772781165488,0.4052035290172855
93,94,0.35976508912347444,0.27360389364320886,0.36663101723331765
94,95,0.3477964999601099,0.2800836833979236,0.3721198166419667
95,96,0.34292036577817303,0.29267689708835026,0.36440273713347665
96,97,0.3558001239375196,0.3100230635022408,0.33417681256024034
97,98,0.40003844622951534,0.2799180874846067,0.3200434662858778
98,99,0.40908838434140776,0.19611259370524042,0.394799021953352
99,100,0.3635072866778333,0.2511237370763812,0.38536897624578503
100,101,0.3452431050678566,0.29244779642078655,0.362309098511357
101,102,0.3476850235265424,0.2626984037012593,0.38961657277219897
102,103,0.3661773806241311,0.25075979869562376,0.38306282068024444
103,104,0.3980336966116093,0.18085000812898716,0.42111629525940336
104,105,0.3646582309940309,0.2504269698609187,0.38491479914505067
105,106,0.42189820067752676,0.15978450753575718,0.41831729178671595
106,107,0.46437234768749536,0.06455200254151879,0.47107564977098515
107,108,0.4156648982281003,0.17007862429860293,0.41425647747329725
108,109,0.41543238916508574,0.17129636077554666,0.41327125005936766
109,110,0.49847289112369547,0.008573842039467289,0.4929532668368373
110,111,0.445983005655427,0.1053053108268968,0.448711683517676
111,112,0.39091942581046024,0.25469867188658907,0.35438190230295097
112,113,0.34979411037986624,0.3009548340029027,0.34925105561723063
113,114,0.36375831755754967,0.28886066884419764,0.3473810135982526
114,115,0.39051408106891194,0.21290124177875436,0.396584677152334
115,116,0.4209605175816078,0.14232165376715114,0.43671782865124054
116,117,0.4263229994676226,0.136337512241431,0.4373394882909464
117,118,0.41076727722044754,0.17247549359861927,0.4167572291809338
118,119,0.4922185918912711,0.018781970375442658,0.4889994377332864
119,120,0.46862851856356,0.06137738743917883,0.46999409399726094
120,121,0.4684201717710007,0.062332157700789245,0.4692476705282099
121,122,0.49289332721548595,0.012563354688016788,0.49454331809649743
122,123,0.4243767193248198,0.14463264927813185,0.4309906313970486
123,124,0.41084937930611404,0.16681523316344488,0.4223353875304414
124,125,0.49955626071977216,0.0002770238822479065,0.5001667153979797
125,126,0.36610077431676713,0.2653548341556501,0.36854439152758345
126,127,0.3576398734173864,0.2825041976299807,0.35985592895263346
127,128,0.3884805012197276,0.21776473498754254,0.39375476379272956
128,129,0.48766253210097293,0.024019458714617612,0.4883180091844093
129,130,0.4880350387726527,0.023719137079974632,0.48824582414737233
130,131,0.4916678732828804,0.0165693748374305,0.4917627518796889
131,132,0.433102516304776,0.13627804021677778,0.4306194434784462
132,133,0.4959996723950795,0.006905978560982069,0.4970943490439386
133,134,0.4957139721889532,0.00879614696994342,0.49548988084110396
134,135,0.4948144085903901,0.010395069124502583,0.49479052228510734
135,136,0.49679179361582426,0.004241848706948438,0.49896635767722725
136,137,0.4905946814939403,0.02423402178457829,0.4851712967214817
137,138,0.4976883093060121,0.0031696364523224442,0.4991420542416659
138,139,0.4874347006438791,0.024570948302230614,0.4879943510538901
139,140,0.49889226794860325,0.0022743619587421043,0.498833370092655
140,141,0.44644407873519654,0.11236496668126203,0.4411909545835414
141,142,0.41442719944323625,0.18538994805379452,0.4001828525029698
142,143,0.39916376383293684,0.20861527335352995,0.3922209628135337
143,144,0.4732809035130038,0.04745796272307093,0.4792611337639245
144,145,0.44706438398338033,0.10511191907895114,0.44782369693766855
145,146,0.426205310619725,0.142218290321823,0.43157639905845224
146,147,0.45705024162926894,0.08081353275590493,0.46213622561482615
147,148,0.3859223476518508,0.22565666452002486,0.38842098782812456
148,149,0.38618945660928794,0.23826215531471412,0.3755483880759975
149,150,0.4991529226710266,0.005167493404769892,0.49567958392420375
150,151,0.4799262653764547,0.05491087866500192,0.46516285595854334
151,152,0.4618108044792789,0.09454593079117586,0.4436432647295452
152,153,0.406075299271055,0.1943796406595651,0.3995450600693793
153,154,0.49812214819387085,0.006954320481739987,0.494923531324389
154,155,0.49758435854784333,0.009163520484807714,0.4932521209673493
155,156,0.49677429817481544,0.011383480387234681,0.4918422214379501
156,157,0.48723661728182777,0.018319068965386664,0.49444431375278575
157,158,0.4977703312725686,0.0058855774697130665,0.4963440912577183
158,159,0.46732936928077823,0.05547723541640695,0.47719339530281474
159,160,0.4711564974381195,0.052016329668191245,0.47682717289368853
160,161,0.47558913768580147,0.046015055169001416,0.4783958071451973
161,162,0.4919073646832482,0.0129562182743624,0.4951364170423893
162,163,0.4860187855006389,0.044220195362439964,0.4697610191369211
163,164,0.4992438717835263,0.030666345987077445,0.47008978222939585
164,165,0.4780285108505406,0.07726704813320727,0.44470444101625306
165,166,0.4909122730887639,0.060866893977315095,0.44822083293392107
166,167,0.4456015059142168,0.176547554831694,0.3778509392540896
167,168,0.4516171365002639,0.08843229472700724,0.4599505687727289
168,169,0.4362224302313301,0.08198258590543166,0.48179498386323744
169,170,0.43713175401547066,0.1385542777455724,0.4243139682389575
170,171,0.41131537615002584,0.2780564247709799,0.3106281990789943
171,172,0.46435451068659983,0.12479104663356627,0.41085444267983356
172,173,0.48433590274252075,0.049662935700086085,0.4660011615573932
173,174,0.4998109863868405,0.015220353570563757,0.4849686600425956
174,175,0.49044182949096604,0.052436053978442546,0.45712211653059154
175,176,0.4909827576852087,0.04452518443542643,0.4644920578793647
176,177,0.44197127111716605,0.153381793708921,0.40464693517391326
177,178,0.4987175687623515,0.0064480425274008974,0.4948343887102473
178,179,0.4995573568206768,0.0017721501297881216,0.49867049304953476
179,180,0.4877666945939511,0.02020379312879411,0.49202951227725433
180,181,0.4044552839168044,0.18930341103363313,0.4062413050495627
181,182,0.3961718149589038,0.20235108933753088,0.4014770957035654
182,183,0.3950959414722531,0.22357222843046007,0.38133183009728716
183,184,0.38343179134872346,0.2318431602952992,0.3847250483559773
184,185,0.4058971180251546,0.19833636434090865,0.39576651763393716
185,186,0.3893949962930591,0.2342372413850032,0.3763677623219378
186,187,0.5055195932289859,0.013007475621653207,0.4814729311493612
187,188,0.5014481645901337,0.0003771122566617377,0.49817472315320444
188,189,0.4778118214800229,0.014689424824763523,0.5074987536952136
189,190,0.4204956114635017,0.17863882850854892,0.4008655600279491
190,191,0.49296607688493854,0.008616845221297078,0.49841707789376444
191,192,0.4901566443047137,0.02214424503401192,0.48769911066127514
192,193,0.42775542607081074,0.15579912713827793,0.41644544679091083
193,194,0.48510360922833035,0.03340014137341699,0.4814962493982528
194,195,0.49745417487703375,0.004457599937370326,0.4980882251855968
195,196,0.4774757992949472,0.046181970739286524,0.4763422299657671
196,197,0.47933864223991757,0.04723196732137302,0.47342939043870985
197,198,0.4998863370775528,0.0006904036773190109,0.4994232592451277
198,199,0.4635067867488751,0.08455859136972525,0.4519346218814
199,200,0.43570682943250133,0.08984250232316057,0.4744506682443382
200,201,0.49086260431016177,0.0095004627265849,0.4996369329632527
201,202,0.4958213781260881,0.007138126149146479,0.4970404957247656
202,203,0.4901785189274041,0.039441673229551735,0.470379807843044
203,204,0.39609110660515884,0.22901047998570184,0.37489841340913904
204,205,0.4525932871549036,0.15629042699468257,0.3911162858504141
205,206,0.5016271762702547,0.0023241226347035966,0.49604870109504146
206,207,0.4810046399611112,0.1563394439591247,0.36265591607976405
207,208,0.4968060245183619,0.0858619389547948,0.41733203652684314
208,209,0.4747922464942491,0.07021888978600536,0.4549888637197454
209,210,0.4916535252966362,0.005256922594737261,0.503089552108627
210,211,0.49074123383140683,0.05842379354393688,0.45083497262465644
211,212,0.3186143587040019,0.2227060124326569,0.45867962886334135
212,213,0.4817939867775868,0.05552097381627974,0.4626850394061336
213,214,0.45072644493165914,0.13498713437667098,0.41428642069166965
214,215,0.5016642983625345,0.48318346930773187,0.015152232329733503
215,216,0.4927640037292458,0.4128058827975269,0.09443011347322731
216,217,0.49946661361719674,1.8057142152705395e-05,0.5005153292406502
217,218,0.4977526596915568,0.003366943128278332,0.4988803971801647
218,219,0.4610316318040499,0.17079604064931317,0.36817232754663703
219,220,0.2928626122847938,0.5948161678385676,0.1123212198766383
220,221,0.5323582371321545,0.44702675678073234,0.020615006087113395
221,222,0.2931262845820045,0.3108388337266578,0.3960348816913378
222,223,0.44666466077560013,0.03971481100485582,0.5136205282195445
223,224,0.4436603343267018,0.46967033909470407,0.08666932657859486
224,225,0.28522412920546397,0.6032774082589312,0.11149846253560418
225,226,0.443148232362484,0.0403038478859344,0.5165479197515817
226,227,0.4495490869600968,0.1302215405563994,0.4202293724835045
227,228,0.5004772479104262,0.10328835285562855,0.3962343992339452
228,229,0.42000324444103915,0.25450280140540205,0.32549395415355875
229,230,0.5016512011980033,0.059178000813581454,0.4391707979884152
230,231,0.507094919546171,0.07204371423332263,0.4208613662205065
231,232,0.4849768900494121,0.017649467436114213,0.49737364251447436
232,233,0.49195829767034677,0.029109254058789412,0.4789324482708638
233,234,0.49789351118435093,0.005371158574428865,0.49673533024121946
234,235,0.49821303499904795,0.006513205258743383,0.49527375974220855
235,236,0.49315471177945025,0.05016450393393504,0.45668078428661457
236,237,0.4178365191196098,0.08603943117062697,0.49612404970976337
237,238,0.4554844920946335,0.023359693936637962,0.5211558139687281
238,239,0.3664869709022001,0.1086160852385214,0.5248969438592787
239,240,0.49398402282631687,0.0006408608438067288,0.5053751163298764
240,241,0.41747384701014145,0.2698572573481142,0.3126688956417441
241,242,0.4116283857155459,0.2473646452229642,0.3410069690614905
242,243,0.40493608177161294,0.16531998663904518,0.429743931589342
243,244,0.49980511351572054,0.5000735057337795,0.00012138075050010678
244,245,0.46603317691817864,0.23979939716615556,0.29416742591566586
245,246,0.4824266537728451,0.14347852124393856,0.3740948249832162
246,247,0.4858888232545268,0.0264530493336406,0.4876581274118325
247,248,0.5834066885150979,0.14312515196200318,0.273468159522899
248,249,0.5344999319315872,0.4304827327664604,0.03501733530195261
249,250,0.5015414034605932,0.49697715486411564,0.0014814416752905609
250,251,0.4930067528070394,0.49127593982517953,0.015717307367781437
251,252,0.4175050801282069,0.38195617135928034,0.20053874851251244
252,253,0.2769840820814304,0.4539264478464853,0.2690894700720851
253,254,0.44292388636851654,0.4895348466055067,0.06754126702597704
254,255,0.1223870586953259,0.5341426856473809,0.34347025565729356
255,256,0.5327916153008294,0.25708539126765384,0.21012299343151644
256,257,0.43944232719065784,0.2238805037951231,0.33667716901421985
257,258,0.4173979828496538,0.20874546031919272,0.37385655683115326
258,259,0.3436069063442491,0.351841881315191,0.30455121234055993
259,260,0.3458627407141228,0.13430536961668202,0.519831889669195
260,261,0.5465758535317711,0.1435098725041309,0.309914273964098
261,262,0.5087767952853658,0.001976788791049696,0.48924641592358453
262,263,0.47843906446927953,0.052854339189527394,0.4687065963411935
263,264,0.47539624647062556,0.297292034367485,0.22731171916188977
264,265,0.47137814529927713,0.1898359771208016,0.3387858775799216
265,266,0.4714746709701259,0.017615104235188896,0.510910224794685
266,267,0.35560437929766925,0.2411023477944458,0.403293272907885
267,268,0.49968476355047214,0.49986153901823344,0.00045369743129419814
268,269,0.5127931950540356,0.4518568691776634,0.035349935768301
269,270,0.37893513639477955,0.5841202462195628,0.03694461738565707
270,271,0.3525798209288703,0.1863094090483651,0.4611107700227654
271,272,0.5653105897058088,0.07609863215015703,0.35859077814403373
272,273,0.4119003325559777,0.5014421147625824,0.08665755268143947
273,274,0.4386407067234954,0.1893487647935398,0.37201052848296495
274,275,0.4157918555300119,0.3496620950786842,0.23454604939130416
275,276,0.38493997445786443,0.23278004816134723,0.382279977380788
276,277,0.5007187390131894,0.49846566202375026,0.0008155989630602693
277,278,0.4077325737320683,0.4089619262574223,0.1833055000105095
278,279,0.33428223925772227,0.3833889079464725,0.2823288527958059
279,280,0.3689405192029384,0.2615535878224158,0.3695058929746461
280,281,0.40201937561956674,0.2561385517581821,0.3418420726222517
281,282,0.4288099412523559,0.035894696479372545,0.5352953622682718
282,283,0.424860404819304,0.28545091378402637,0.2896886813966695
283,284,0.44691182846992533,0.4797668593952746,0.0733213121348001
284,285,0.4529956683917333,0.33603983757821543,0.2109644940300512
285,286,0.49718304203738817,0.1008621354149495,0.4019548225476624
286,287,0.24297779647995632,0.33917916816951454,0.41784303535052864
287,288,0.1503997420647511,0.21403452634629944,0.6355657315889496
288,289,0.2051828217469736,0.31750447139732796,0.4773127068556987
289,290,0.3678842280377121,0.24831349462894386,0.3838022773333447
290,291,0.45917406566821123,0.11176295429902806,0.42906298003276055
291,292,0.46974589133630795,0.22155968338288337,0.30869442528080904
292,293,0.4698239456946443,0.2059287231458995,0.3242473311594561
293,294,0.4988186926887762,0.0004991610110842446,0.5006821463001393
294,295,0.38384078947349387,0.5511105884011059,0.06504862212539929
295,296,0.3072649959386069,0.5708690167484176,0.12186598731297583
296,297,0.1233088009372079,0.6256541932577231,0.25103700580506927
297,298,0.4441290837354158,0.5221212805417863,0.03374963572279801
298,299,0.19965947145922835,0.6541668811431013,0.1461736473976711
299,300,0.00026531878175882473,0.5046532756767523,0.49508140554148883
300,301,0.49432626513557326,0.5053652048318035,0.0003085300326232262
301,302,0.20508198443120193,0.47165120837533614,0.323266807193462
302,303,0.49270072130867026,0.02452678582362774,0.48277249286770196
303,304,0.5075122440628755,0.011483816977586301,0.4810039389595384
304,305,0.14537471437589847,0.44957889926138644,0.4050463863627154
305,306,0.4532017075409013,0.010322617923807457,0.5364756745352912
306,307,0.45927281548036664,0.16753305316226808,0.3731941313573654
307,308,0.4002812256055871,0.2614321861616656,0.3382865882327473
308,309,0.46005122959924527,0.1520596211395451,0.38788914926120965
309,310,0.5921941187191743,0.3663176874285188,0.04148819385230719
310,311,0.5381213440102217,0.19386407034361672,0.2680145856461616
311,312,0.34406300126375766,0.47719207441547606,0.17874492432076647
312,313,0.335570005895628,0.33381461364275267,0.3306153804616189
313,314,0.4299051065647399,0.34402048278877917,0.226074410646481
314,315,0.4516647962749659,0.37681303790202286,0.17152216582301147
315,316,0.4001610338261875,0.19896005603025588,0.4008789101435562
316,317,0.45822462786397716,0.5200267613091276,0.021748610826895824
317,318,0.4438229507062473,0.5420046319162393,0.014172417377513475
318,319,0.5046266326614554,0.49357528982076676,0.001798077517777639
319,320,0.520578914829542,0.3726329441300418,0.10678814104041597
320,321,0.5151081965674758,0.03694190378905776,0.4479498996434669
321,322,0.38320830723715843,0.33858975712043665,0.27820193564240475
322,323,0.10733678182657662,0.46324012677539045,0.4294230913980331
323,324,0.5708424266880266,0.22984270533245255,0.1993148679795208
324,325,0.5020116505142644,0.49623261387728096,0.0017557356084547697
325,326,0.42923516732099476,0.4361927904528935,0.13457204222611194
326,327,0.44910790823391467,0.32617819163650225,0.22471390012958342
327,328,0.4867937271960963,0.04658705124882272,0.4666192215550806
328,329,0.48696932138118554,0.00867584057007692,0.504354838048738
329,330,0.5153177246031786,0.47407572186164987,0.01060655353517232
330,331,0.37281163802526396,0.23563067640139632,0.39155768557333986
331,332,0.40881133146829446,0.5142223744174629,0.07696629411424308
332,333,0.4328002527979647,0.4908286873995574,0.07637105980247805
333,334,0.4424545682287027,0.1367958090625296,0.42074962270876765
334,335,0.4904707437955433,0.025460375435588295,0.4840688807688681
335,336,0.45906523897594753,0.05936356783074903,0.4815711931933034
336,337,0.393376494177152,0.31075097539539626,0.2958725304274523
337,338,0.2882768002511076,0.26354613650187014,0.44817706324702217
338,339,0.41520007781400786,0.46149732446757746,0.12330259771841527
339,340,0.3045057629247901,0.28441319367483425,0.41108104340037643
340,341,0.15041535063439115,0.5066532536609055,0.3429313957047036
341,342,0.5498554283527826,0.40080903244947513,0.04933553919774247
342,343,0.4949627968671778,0.14359985487481913,0.3614373482580027
343,344,0.4675093639682197,0.053084790848662196,0.47940584518311824
344,345,0.54378837203551,0.43795954193389847,0.018252086030591683
345,346,0.3535181783891398,0.5281411708479107,0.11834065076294989
346,347,0.38861163413612293,0.2551316245350432,0.3562567413288337
347,348,0.47614063452072,0.11594764461144448,0.4079117208678356
348,349,0.5100765169756674,0.4334286785629254,0.05649480446140749
349,350,0.5257049820972998,0.20640762532160395,0.26788739258109623
350,351,0.4891475725739084,0.015703918996881547,0.49514850842921
351,352,0.17245788977156834,0.4112289260434365,0.4163131841849957
352,353,0.3663424072889038,0.08650919395085165,0.5471483987602447
353,354,0.46988987789870834,0.39789231172925005,0.13221781037204214
354,355,0.3422723829205994,0.3177661369474997,0.3399614801319007
355,356,0.33693675767185255,0.2226441407922444,0.44041910153590313
356,357,0.5383023848886295,0.05958375679929987,0.4021138583120704
357,358,0.4406380766667019,0.03327005734866766,0.5260918659846298
358,359,0.19894941252869175,0.43154695559108247,0.3695036318802258
359,360,0.5078820270399874,0.4896734122986397,0.00244456066137213
360,361,0.3645279682346736,0.5124554079499811,0.12301662381534535
361,362,0.011860071838227446,0.5041141730271721,0.48402575513460017
362,363,0.4942096647035948,0.00034086890439110864,0.5054494663920144
363,364,0.521369093965,0.022698770469374484,0.4559321355656254
364,365,0.48507108954067296,0.48597566592183294,0.028953244537494288
365,366,0.4787942539449358,0.4942931496571459,0.026912596397918764
366,367,0.4430519942146684,0.35343589535025516,0.2035121104350766
367,368,0.4910072834694583,0.006632119038726899,0.5023605974918148
368,369,0.3963444087195538,0.0430006551137691,0.560654936166677
369,370,0.36778663349622304,0.2690759072572153,0.36313745924656216
370,371,0.4339311897102946,0.0552094347577808,0.5108593755319247
371,372,0.48041231876253476,0.26816139570463315,0.25142628553283225
372,373,0.3584146121301339,0.45236800834572016,0.18921737952414533
373,374,0.49700602899236557,0.00041148923761224413,0.5025824817700224
374,375,0.5027214373988594,0.24311212395269555,0.25416643864844457
375,376,0.39824872862853455,0.1167068799228941,0.485044391448571
376,377,0.4851555487813736,0.026309819788248118,0.48853463143037823
377,378,0.5158282753717415,0.009618566609422079,0.4745531580188364
378,379,0.3950934365401921,0.04311950512391438,0.5617870583358935
379,380,0.2661907457303295,0.6310730827986176,0.10273617147105231
380,381,0.21989284163164652,0.5318866932457228,0.24822046512263005
381,382,0.24622046264049469,0.4645176587997853,0.28926187855971963
382,383,0.4813137264458224,0.3082641751230805,0.2104220984310971
383,384,0.4987418533220124,0.5012510802948078,7.06638317925108e-06
384,385,0.3780603670516809,0.5678851888368085,0.05405444411151031
385,386,0.1788356680792512,0.33175071288188335,0.4894136190388658
386,387,0.14665665746396156,0.6111614081650172,0.24218193437102203
387,388,0.45901405256838057,0.3359357953636838,0.20505015206793553
388,389,0.35563153331045855,0.4275874158574801,0.21678105083206167
389,390,0.22878728144692026,0.472981757974715,0.29823096057836473
390,391,0.17693394263033987,0.20873717687929721,0.6143288804903627
391,392,0.34711073412213317,0.2665584351775051,0.3863308307003613
392,393,0.48834116499396424,0.47300491400352723,0.0386539210025085
393,394,0.015927426144428745,0.5476830835477005,0.4363894903078711
394,395,0.49983110063473724,0.0017098710777127633,0.49845902828754945
395,396,0.47231108481566114,0.018112766346514673,0.5095761488378241
396,397,0.5003681865617519,0.4995926784199466,3.913501830177133e-05
397,398,0.5016295162367441,0.0002773640927969007,0.4980931196704593
398,399,0.4185587142532458,0.21575088059714656,0.3656904051496076
399,400,0.11826261650615426,0.47960062534089176,0.4021367581529541
400,401,0.3988022387192046,0.19729491049331058,0.4039028507874847
401,402,0.4616257489989626,0.020789927254049382,0.5175843237469887
402,403,0.27277420304905076,0.36062927587846105,0.36659652107248825
403,404,0.03908817172277747,0.4890011077057684,0.4719107205714543
404,405,0.4880819394388871,0.10738115983794652,0.4045369007231663
405,406,0.1723354618447075,0.47870779989352946,0.3489567382617629
406,407,0.11719364109625875,0.5192019907638202,0.3636043681399211
407,408,0.12639114033835525,0.5060366326557048,0.3675722270059401
408,409,0.011826968683289446,0.5209104603807714,0.46726257093593865
409,410,0.2220620833239132,0.3017119158206403,0.4762260008554463
410,411,0.46856575376313975,0.01584866820111154,0.5155855780357489
411,412,0.5582419183265652,0.14626223949960218,0.29549584217383223
412,413,0.5071021061780554,0.0007467126809861262,0.49215118114095824
413,414,0.5634964895670334,0.3512017925354584,0.08530171789750841
414,415,0.4731516909806324,0.5244259866034684,0.0024223224158991864
415,416,0.541241190184757,0.4119311611311222,0.04682764868412077
416,417,0.3565754448624466,0.15868060849034504,0.48474394664720927
417,418,0.36141468628184653,0.5045891964456053,0.13399611727254854
418,419,0.40423015313906274,0.2999149452098256,0.29585490165111183
419,420,0.4712109978380971,0.12825085205770942,0.4005381501041939
420,421,0.3917153285133368,0.08083884322548633,0.5274458282611764
421,422,0.016396254132485258,0.4759571049628211,0.5076466409046936
422,423,0.4705251116199495,0.5217083593694877,0.00776652901056296
423,424,0.4930749246966695,0.49086260261472053,0.016062472688610385
424,425,0.47398587023274036,0.46904087628694474,0.056973253480314644
425,426,0.4674680680946748,0.4456932991874976,0.08683863271782714
426,427,0.4941318963072686,0.49926946825242624,0.006598635440305217
427,428,0.276466611473245,0.5753442048523804,0.14818918367437464
428,429,0.5226899563565743,0.38887679449474327,0.08843324914868207
429,430,0.493216480200969,0.504135655187668,0.0026478646113632584
430,431,0.4886721557904442,0.4865757176600225,0.024752126549532932
431,432,0.415114992906404,0.40758726157145175,0.1772977455221444
432,433,0.480902941653586,0.07902877770017872,0.44006828064623543
433,434,0.4461636597141929,0.2454402513971879,0.30839608888861925
434,435,0.6384196953296749,0.25166112973378163,0.10991917493654325
435,436,0.16884821056280633,0.4439343318144934,0.38721745762269993
436,437,0.4556286304702682,0.5026012921823098,0.04177007734742238
437,438,0.5046238605727297,0.00031207680077871146,0.4950640626264914
438,439,0.005731855859443852,0.4879791359380481,0.5062890082025082
439,440,0.4600514057079986,0.40853477647670483,0.131413817815296
440,441,0.5009991897038062,0.4763607183271214,0.022640091969072174
441,442,0.3477954508347543,0.5116959328915723,0.1405086162736733
442,443,0.41269228792593055,0.2556734996262462,0.3316342124478233
443,444,0.4751216934991758,0.41248542733615856,0.11239287916466542
444,445,0.48068931461805114,0.4014952517743499,0.1178154336075986
445,446,0.5090602624173759,0.47211278848357585,0.01882694909904778
446,447,0.506033249900909,0.4802242396646687,0.013742510434422085
447,448,0.5011873294593969,0.4979478197883768,0.0008648507522261864
448,449,0.5055342028795973,0.4834424264317698,0.011023370688632806
449,450,0.49725638809931216,0.0006218933088926197,0.5021217185917956
450,451,0.4899307155953653,0.008030704343605689,0.502038580061029
451,452,0.4995225145333547,0.0012447188229895833,0.4992327666436554
452,453,0.4834991943496052,0.09807714878957574,0.4184236568608195
453,454,0.4972210553829837,0.27352354623282565,0.22925539838419068
454,455,0.4556908086259866,0.45067189271288893,0.09363729866112512
455,456,0.2052766726039924,0.3197758277035806,0.4749474996924264
456,457,0.3142018080563912,0.11140689516858623,0.574391296775023
457,458,0.41041370165406826,0.3561370113160457,0.23344928702988532
458,459,0.5218322959453991,0.2307175962549393,0.247450107799662
459,460,0.5373014077641013,0.3675932184196785,0.09510537381622029
460,461,0.4694801425362103,0.43925518129934177,0.09126467616444799
461,462,0.4361044681283618,0.3044509944124939,0.2594445374591444
462,463,0.4403702737591155,0.4323002473171323,0.12732947892375202
463,464,0.43457116049524575,0.3894537486025466,0.17597509090220798
464,465,0.5161457686879226,0.06413387412637915,0.41972035718569806
465,466,0.5479404814702417,0.3059964395522603,0.14606307897749793
466,467,0.3308760666481624,0.19805455435043803,0.4710693790013996
467,468,0.45624747361324874,0.30987876092731803,0.23387376545943278
468,469,0.4877817314118894,0.5109539711455388,0.0012642974425721612
469,470,0.44878718443025317,0.1073601890053198,0.44385262656442714
470,471,0.27462004977593546,0.28980979243096505,0.4355701577930998
471,472,0.13424766885566028,0.42680671149980504,0.43894561964453455
472,473,0.4930943364914738,0.3090962678657347,0.19780939564279135
473,474,0.4141335098598919,0.110737999218951,0.47512849092115683
474,475,0.4351015224910365,0.19203334965807764,0.3728651278508861
475,476,0.4968981237962498,0.007115544473889827,0.49598633172986034
476,477,0.5124457855364842,0.3128404383881887,0.1747137760753269
477,478,0.5006123258582729,6.741438387287216e-06,0.4993809327033397
478,479,0.4396139123210084,0.3584099868209102,0.20197610085808138
479,480,0.49262787210320114,0.17582910305367327,0.3315430248431258
480,481,0.5209511446050962,0.38528768686018056,0.09376116853472367
481,482,0.47379147105391056,0.20709557926825992,0.31911294967782966
482,483,0.46398139222202334,0.3986875457282432,0.13733106204973347
483,484,0.5539224975259213,0.10981010891840032,0.33626739355567864
484,485,0.2537086702892651,0.6354234171491462,0.11086791256158886
485,486,0.46736816018420346,0.476085446170321,0.056546393645475854
486,487,0.44649954930364194,0.09325489988338796,0.4602455508129703
487,488,0.4915703959185463,0.5019899212149713,0.006439682866482076
488,489,0.20429813670361135,0.3453276410093062,0.4503742222870827
489,490,0.3930507353947918,0.48257218701162524,0.12437707759358228
490,491,0.2712044086669241,0.4319820512354914,0.2968135400975843
491,492,0.2007458883522466,0.33585026731525,0.46340384433250326
492,493,0.0052210978607543914,0.4965776558660354,0.49820124627321066
493,494,0.31860379070989914,0.3405413368086013,0.34085487248149954
494,495,0.3477938035964805,0.18094900047998497,0.4712571959235343
495,496,0.20704726190521425,0.39517770138793973,0.39777503670684605
496,497,0.4816257197433394,0.39113005303116527,0.1272442272254958
497,498,0.3370207427649971,0.37834202579418685,0.28463723144081626
498,499,0.4079991779447031,0.20545912446212647,0.3865416975931705
499,500,0.43467937194858997,0.48045949033970614,0.0848611377117043
500,501,0.3361415368711642,0.44641980170213796,0.21743866142669796
501,502,0.46886533494741134,0.5019530583841976,0.02918160666839106
502,503,0.486762928101136,0.4926999729813136,0.0205370989175503
503,504,0.3818267979639455,0.3589609101017656,0.2592122919342883
504,505,0.5235867408424634,0.0013306436790857248,0.475082615478451
505,506,0.5059035926669183,0.07911863980379873,0.41497776752928317
506,507,0.4772228724674703,0.10303131774146611,0.4197458097910633
507,508,0.3376444042702998,0.4163923549139258,0.24596324081577411
508,509,0.44022074269398687,0.38437659991461914,0.17540265739139352
509,510,0.4309864824542495,0.38878828512442104,0.18022523242132957
510,511,0.4774491625453002,0.4372428885907543,0.08530794886394555
511,512,0.11198317209595544,0.2879032791611676,0.6001135487428774
512,513,0.34885153330855223,0.480588448153727,0.17056001853772088
513,514,0.37804809357656904,0.27219202230384454,0.34975988411958625
514,515,0.46022037998256043,0.49700489592389363,0.04277472409354611
515,516,0.47483462814466487,0.4618609528066975,0.06330441904863718
516,517,0.48707185507148937,0.49465840256128774,0.018269742367222334
517,518,0.4744959865020883,0.5199597285990065,0.005544284898904863
518,519,0.5171641209046804,0.47534075134249526,0.007495127752824586
519,520,0.4401905850079451,0.5037515402556128,0.05605787473644211
520,521,0.38535194711601906,0.4704046749267035,0.14424337795727843
521,522,0.06283087217173054,0.5627183793104571,0.3744507485178121
522,523,0.2762951897663377,0.5344675336517264,0.1892372765819359
523,524,0.46501932441459704,0.08787111361609504,0.44710956196930873
524,525,0.4668787551960428,0.11979065889802923,0.4133305859059279
525,526,0.3899439150355105,0.4195853927246687,0.190470692239821
526,527,0.542864588375627,0.3811441969404055,0.07599121468396776
527,528,0.4643375403018806,0.46120537941033624,0.07445708028778278
528,529,0.5014141850175431,0.4981677374296548,0.0004180775528021527
529,530,0.07813503294287638,0.5294914617999673,0.3923735052571567
530,531,0.43434552481172434,0.40485572695706185,0.16079874823121426
531,532,0.46133841359731653,0.39396995653152106,0.1446916298711625
532,533,0.49716509314898005,0.12195840071406928,0.38087650613695045
533,534,0.40461115854483876,0.42531774905732855,0.17007109239783358
534,535,0.4145946020292555,0.30879568364232757,0.27660971432841724
535,536,0.49155034572905537,0.005425971727416331,0.5030236825435286
536,537,0.46162291302565617,0.23947104503871086,0.2989060419356333
537,538,0.46325131140240494,0.09976075411511863,0.436987934482477
538,539,0.39434669928480526,0.4998151832648911,0.10583811745030387
539,540,0.5000400316570283,0.4998715778048832,8.839053808902349e-05
540,541,0.49078257323479585,0.4728052384838209,0.03641218828138299
541,542,0.45247837070480784,0.2522130052577572,0.2953086240374347
542,543,0.48612077998226916,0.3387402539985631,0.17513896601916723
543,544,0.48106392929622543,0.48941102581999013,0.029525044883784865
544,545,0.4968639073865241,0.5001442890168771,0.00299180359659862
545,546,0.48174581015220397,0.5038932733781102,0.014360916469685759
546,547,0.495012342190546,0.39778426262956623,0.1072033951798874
547,548,0.49141838594106746,0.1995714788188779,0.3090101352400553
548,549,0.44744927607858825,0.44430776694807644,0.10824295697333536
549,550,0.5918114581039704,0.16463685235835476,0.24355168953767486
550,551,0.04422585621613878,0.5740487928911042,0.3817253508927577
551,552,0.3926180348052313,0.4017325423401028,0.2056494228546665
552,553,0.16252801140519524,0.20315403243234453,0.6343179561624602
553,554,0.25135090041994484,0.2575125733479042,0.4911365262321503
554,555,0.2769357548438507,0.2932936673454831,0.4297705778106661
555,556,0.35451776219067876,0.49832321468759205,0.14715902312172927
556,557,0.44902137831672106,0.4237244143557598,0.12725420732751969
557,558,0.49943334085150937,0.14538347192796158,0.3551831872205288
558,559,0.5260244851577475,0.1421593287359277,0.33181618610632463
559,560,0.5025994562508322,0.4710208859568216,0.026379657792346092
560,561,0.49007393787966097,0.5044295244130864,0.005496537707251645
561,562,0.4970763958118817,0.4993578527661164,0.003565751422003052
562,563,0.4961271723112654,0.4976990752000722,0.006173752488661669
563,564,0.45102872134003397,0.44989159708044285,0.0990796815795239
564,565,0.46363336226828633,0.4813886959970163,0.05497794173469727
565,566,0.5203192493115779,0.40411253423346466,0.07556821645495738
566,567,0.41088731921139515,0.47803338975966786,0.11107929102893743
567,568,0.4741448422290444,0.4718880269398959,0.05396713083105982
568,569,0.24809817825171324,0.4442979927565059,0.30760382899178096
569,570,0.5071961283067427,0.4912802752126858,0.0015235964805719532
570,571,0.3647200463037607,0.48661969548034445,0.14866025821589512
571,572,0.056175250311676715,0.579970897802935,0.3638538518853883
572,573,0.4695865131133859,0.5019592277172327,0.028454259169381407
573,574,0.4020054031416603,0.45716429958023425,0.14083029727810548
574,575,0.4748551044376495,0.4041355233984723,0.12100937216387836
575,576,0.3291108470782023,0.3290822989088613,0.34180685401293576
576,577,0.2864600707851113,0.12025955116356703,0.5932803780513216
577,578,0.24096508614395773,0.18041447901159322,0.5786204348444489
578,579,0.30932390527673503,0.28988175919486575,0.4007943355284003
579,580,0.5045843468736123,0.40999298880841023,0.08542266431797708
580,581,0.40343921819229633,0.3425515180579236,0.2540092637497802
581,582,0.5069614942404816,0.47845990206525735,0.014578603694261064
582,583,0.4659639584223181,0.49155866956270233,0.04247737201497941
583,584,0.2833613707596138,0.22974182922034667,0.4868968000200391
584,585,0.47955054910309863,0.43441637318924314,0.08603307770765785
585,586,0.11749864568616775,0.3014364010785589,0.5810649532352734
586,587,0.5005895402020876,0.49938642460031996,2.403519759177338e-05
587,588,0.46092380051563664,0.4628596015686133,0.07621659791574953
588,589,0.47716503082398953,0.5134268684441339,0.009408100731876888
589,590,0.49750212312658765,0.00012217964355402166,0.5023756972298579
590,591,0.1228046055283565,0.6198920731002069,0.2573033213714371
591,592,0.06564544105769599,0.45339162418988843,0.4809629347524156
592,593,0.09136800585880711,0.45031776085484543,0.4583142332863474
593,594,0.45429845090761295,0.4513544658953447,0.09434708319704263
594,595,0.22495806506534688,0.3446291185196244,0.4304128164150287
