,Window_Index,Loading_Temperature_Prop,Loading_force_Prop,Loading_Voltage_Prop
0,1,0.4777777748760054,0.50629892118205,0.01592330394194421
1,2,0.47478785355727543,0.46982737323525625,0.05538477320746819
2,3,0.4808919761005409,0.4862554334619391,0.03285259043751982
3,4,0.15863899861263392,0.2699251472817464,0.571435854105619
4,5,0.30245122517112627,0.46001729294126836,0.2375314818876059
5,6,0.4458346419398125,0.4756138828524903,0.0785514752076971
6,7,0.4071817566752926,0.5054234568231727,0.08739478650153448
7,8,0.4786682154255971,0.4720287091648853,0.049303075409517616
8,9,0.41997893758624305,0.36036088593111076,0.21966017648264646
9,10,0.5051251101832404,0.4348855003962711,0.05998938942048818
10,11,0.4906805874365662,0.4590763125748702,0.05024309998856363
11,12,0.5000473994033631,0.4949277720779562,0.005024828518681148
12,13,0.5024649280590168,0.478844905705138,0.018690166235845664
13,14,0.4765134767658419,0.4876769035576136,0.03580961967654448
14,15,0.4878562792971176,0.4911153497027265,0.021028371000155838
15,16,0.35901289998109487,0.3686028592731025,0.27238424074580275
16,17,0.4987231165792529,0.5004652948935286,0.0008115885272185255
17,18,0.484421242175734,0.4914386621187118,0.024140095705554226
18,19,0.45613795891054654,0.5316931970880779,0.012168844001375316
19,20,0.48314540935809625,0.48392308844105125,0.032931502200852565
20,21,0.44390430783072116,0.46023115191636454,0.0958645402529144
21,22,0.4935226263951533,0.49901844281548435,0.007458930789362544
22,23,0.46932436478859996,0.48460369671502157,0.04607193849637782
23,24,0.4850562615134178,0.5049642859851845,0.009979452501398284
24,25,0.02726773188864821,0.45816070431374806,0.5145715637976037
25,26,0.49910911675141656,0.49993561166205225,0.0009552715865310844
26,27,0.49098309071912705,0.493297719039537,0.015719190241335865
27,28,0.5000000829132928,0.49999990204791667,1.503879063057937e-08
28,29,0.4927812015269583,0.4845535588459559,0.022665239627085082
29,30,0.5036995435145227,0.47428397484319257,0.022016481642284546
30,31,0.5057268858575067,0.48872552225714544,0.005547591885347945
31,32,0.4961946834693505,0.5000671175110969,0.0037381990195527247
32,33,0.47805943752295105,0.47890106174020686,0.04303950073684235
33,34,0.49750649281741544,0.4857850667586984,0.016708440423886323
34,35,0.5006589599175727,0.49901998648211543,0.0003210536003114177
35,36,0.5044427008628093,0.4649357379972918,0.030621561139899677
36,37,0.4104605929016841,0.3874683630841948,0.2020710440141211
37,38,0.48460784954822306,0.4776718778530274,0.037720272598749625
38,39,0.49987838506586457,0.4985857274691298,0.001535887465005057
39,40,0.48849714688145623,0.4991432658761848,0.012359587242359573
40,41,0.4154981141829064,0.4756410845453101,0.10886080127178396
41,42,0.4625356968140868,0.46927742763573205,0.0681868755501814
42,43,0.4729484696457253,0.4630929426478711,0.06395858770640322
43,44,0.476770548617027,0.47123349304216466,0.05199595834080892
44,45,0.47368694978275283,0.4812117638335414,0.04510128638370639
45,46,0.49067182405767035,0.4799304925529355,0.029397683389394358
46,47,0.3511858752581158,0.2020371255407525,0.4467769992011315
47,48,0.31609435118380197,0.3424607946253999,0.34144485419079823
48,49,0.29570878884889706,0.35013428310298955,0.35415692804811355
49,50,0.25085054712600774,0.3681865610799406,0.3809628917940516
50,51,0.3580427655015205,0.3158672724222978,0.3260899620761818
51,52,0.3514263159569185,0.30309444469561475,0.3454792393474663
52,53,0.38527642563208486,0.2554042012978403,0.3593193730700744
53,54,0.3793816398434124,0.24511882666814555,0.37549953348844184
54,55,0.479216087538535,0.05827887156522842,0.4625050408962372
55,56,0.34716588328519593,0.2851801334595661,0.367653983255237
56,57,0.3441268210102052,0.32141365146830786,0.3344595275214873
57,58,0.33777647603070476,0.329677731422449,0.3325457925468469
58,59,0.3346585127200691,0.3311207858923514,0.33422070138757987
59,60,0.3357288398894703,0.33178203988547994,0.3324891202250503
60,61,0.3361389979392652,0.32840116514149886,0.33545983691923653
61,62,0.486045625542253,0.46623867907126354,0.04771569538648355
62,63,0.4483928565045677,0.40335788940435335,0.14824925409107995
63,64,0.4084267007138992,0.35605125364857043,0.23552204563753007
64,65,0.3246392266938142,0.33299653750538505,0.34236423580080066
65,66,0.31479171779683196,0.3510699513055599,0.33413833089760764
66,67,0.3323765984004347,0.33869887640648616,0.32892452519308013
67,68,0.46761419018314576,0.4512657276330829,0.08112008218377106
68,69,0.41401524242068594,0.4330701356887397,0.1529146218905743
69,70,0.38566888590342596,0.3114754055185346,0.30285570857803923
70,71,0.39360972725174903,0.35286151414296735,0.2535287586052845
71,72,0.46370711332161246,0.4749140945062121,0.06137879217217551
72,73,0.39244423691244795,0.27803640811374586,0.32951935497380586
73,74,0.41360310585702387,0.18767613843735115,0.3987207557056251
74,75,0.40777049495650397,0.1947079151741129,0.3975215898693837
75,76,0.40944831918769187,0.19098358185697767,0.39956809895533046
76,77,0.4464209628439338,0.10026341303014841,0.4533156241259182
77,78,0.446526827341129,0.052291292730239906,0.5011818799286308
78,79,0.38480614460847773,0.22689429860939722,0.3882995567821253
79,80,0.00357902124802406,0.5001044773159167,0.4963165014360592
80,81,0.03518497203616462,0.4752638152725523,0.4895512126912827
81,82,0.38150867237416225,0.18435452390316703,0.4341368037226702
82,83,0.39894163506409464,0.16265444458358547,0.4384039203523203
83,84,0.46071369936547646,0.16123682031379674,0.37804948032072716
84,85,0.29260597039510433,0.45190924006169225,0.255484789543203
85,86,0.3548096073772113,0.20227163593759082,0.4429187566851985
86,87,0.02536262148841529,0.45128664912739747,0.5233507293841874
87,88,0.4840735253968487,0.008386736072484888,0.5075397385306665
88,89,0.19492497021950397,0.33793258638690815,0.46714244339358735
89,90,0.2425703240964044,0.3091114556434194,0.448318220260176
90,91,0.30297765452227954,0.3229486666742163,0.3740736788035039
91,92,0.42283782974226786,0.16465081073799093,0.4125113595197413
92,93,0.24998508512503334,0.21331380010135342,0.5367011147736128
93,94,0.5205443198840554,0.019926717876868012,0.4595289622390767
94,95,0.461963580806875,0.3551250691174799,0.18291135007564507
95,96,0.34609363649847025,0.2708606371984578,0.38304572630307177
96,97,0.3175475366322175,0.31519295134042724,0.367259512027355
97,98,0.4092462474947145,0.17047691261218723,0.420276839893098
98,99,0.46018607064577444,0.35450323926707933,0.18531069008714618
99,100,0.4612047300452821,0.43216952203833525,0.10662574791638257
100,101,0.4293313134523432,0.4146774959768532,0.15599119057080374
101,102,0.41369438586849194,0.25730907132629693,0.3289965428052111
102,103,0.43774853516395396,0.16076704935534394,0.4014844154807024
103,104,0.3978179530051951,0.27425707338137645,0.32792497361342815
104,105,0.46572061414594945,0.3175326235462329,0.2167467623078171
105,106,0.39349620565489674,0.07290539410384426,0.533598400241259
106,107,0.4833911469676975,0.017853867170600474,0.4987549858617015
107,108,0.4273552712391092,0.17181741835041445,0.4008273104104761
108,109,0.4179739824736506,0.20198607665185705,0.3800399408744922
109,110,0.44636020761839784,0.12677248655721055,0.42686730582439114
110,111,0.4840178320844715,0.03441319842234431,0.48156896949318434
111,112,0.37386858646931126,0.20856847103811135,0.4175629424925767
112,113,0.3780520840135328,0.18881553634652432,0.4331323796399429
113,114,0.3996221940559185,0.18873169396534478,0.41164611197873646
114,115,0.3938397567050979,0.2036946553402807,0.4024655879546212
115,116,0.30975601347963905,0.2307951107160887,0.4594488758042722
116,117,0.4367517452693052,0.11595870065638977,0.44728955407430476
117,118,0.4084221680563573,0.18280739116036876,0.4087704407832744
118,119,0.3958567155804939,0.21102997134288495,0.3931133130766213
119,120,0.1288477204526918,0.47267703537932454,0.3984752441679831
120,121,0.23019415831410533,0.34902800771120035,0.42077783397469415
121,122,0.4356734562045709,0.11389323596221708,0.45043330783321295
122,123,0.4720824810279908,0.048684989879607336,0.4792325290924024
123,124,0.489566814489526,0.02162190663511537,0.4888112788753584
124,125,0.47053855282692697,0.0536419839087897,0.4758194632642831
125,126,0.4197870348226925,0.15534481226502087,0.42486815291228663
126,127,0.3820215838138778,0.22170846823483625,0.39626994795128595
127,128,0.3803232667431391,0.20045021642291433,0.41922651683394707
128,129,0.4095063236495404,0.18080906012947717,0.409684616220982
129,130,0.4188011993736389,0.160785089342119,0.42041371128424204
130,131,0.4802049159411296,0.03623938660445789,0.4835556974544125
131,132,0.3222875456324397,0.27163849576405696,0.4060739586035038
132,133,0.36457264853660765,0.25851777436470635,0.3769095770986862
133,134,0.37514333026502505,0.24204975705946283,0.3828069126755117
134,135,0.3822496161300266,0.22582023213188013,0.3919301517380931
135,136,0.3667181762380392,0.26747542845238265,0.3658063953095777
136,137,0.3746930190217435,0.2425250712441915,0.3827819097340651
137,138,0.4675738818408315,0.06668891716903655,0.4657372009901314
138,139,0.4723431553137754,0.05535315483561718,0.47230368985060717
139,140,0.4354260205271747,0.12644171025232376,0.43813226922050164
140,141,0.3928078544089413,0.20405708824559698,0.4031350573454616
141,142,0.4536521372966112,0.0791034928561898,0.4672443698471987
142,143,0.49586849888249623,0.007360998944860183,0.4967705021726434
143,144,0.4417518104074623,0.08517532705421618,0.4730728625383217
144,145,0.2624333787279527,0.3180855642841322,0.41948105698791516
145,146,0.3301505838345648,0.2872549681923217,0.3825944479731137
146,147,0.3469248257368037,0.27671653682747754,0.37635863743571923
147,148,0.37838571340715965,0.20320333449884653,0.4184109520939945
148,149,0.403519289264367,0.1840413792851791,0.4124393314504536
149,150,0.38799765628668687,0.2181585296859475,0.3938438140273653
150,151,0.45929614817486425,0.08420243792316624,0.4565014139019692
151,152,0.44498569320424164,0.11163160525299239,0.4433827015427661
152,153,0.4651224694337339,0.07056118669061746,0.4643163438756495
153,154,0.4606738048242695,0.0818532154893246,0.45747297968640627
154,155,0.4435619492748132,0.12859657605349106,0.4278414746716952
155,156,0.4627086144374687,0.08785607896105238,0.44943530660147885
156,157,0.44427702877458775,0.1157787422990564,0.43994422892635576
157,158,0.458287870291578,0.08110308699854431,0.4606090427098772
158,159,0.4729960008313519,0.05298308006084775,0.47402091910779953
159,160,0.4960115080544267,0.012133242049692496,0.491855249895881
160,161,0.4103421415760522,0.1974967550775057,0.3921611033464421
161,162,0.43861915524509126,0.1277821521910213,0.43359869256388733
162,163,0.4903151250615365,0.01585969197157585,0.4938251829668876
163,164,0.4627720671478446,0.0783637745263665,0.45886415832578903
164,165,0.4433520903153781,0.11610746575411691,0.44054044393050523
165,166,0.4465143079927245,0.10464738918379217,0.44883830282348264
166,167,0.46655977392250664,0.063172813932142,0.4702674121453516
167,168,0.47935495982251597,0.03952785335307111,0.48111718682441346
168,169,0.498346632003275,0.0017285806268534597,0.499924787369872
169,170,0.4699450086210052,0.060760861993166285,0.4692941293858282
170,171,0.47191212478558653,0.05723622591730458,0.47085164929710904
171,172,0.49312467041648017,0.010536285333532066,0.4963390442499881
172,173,0.4627997612545803,0.0766983569229553,0.4605018818224642
173,174,0.4816779095345756,0.04641563460965985,0.4719064558557648
174,175,0.4989378140246844,0.004845487251824377,0.4962166987234909
175,176,0.49861790846082354,0.0016793171858422655,0.4997027743533346
176,177,0.48802685138921187,0.022894575592171635,0.48907857301861635
177,178,0.48803868086765245,0.026360535951058077,0.4856007831812891
178,179,0.486080155372111,0.03164179797424632,0.4822780466536433
179,180,0.4981889881388718,0.007003414637101501,0.4948075972240266
180,181,0.4946887649890813,0.011895663154097942,0.4934155718568204
181,182,0.4777509334758332,0.038305768203555676,0.4839432983206107
182,183,0.4887351536134811,0.024262101493833628,0.4870027448926848
183,184,0.49101755951680953,0.020596274516074212,0.48838616596711626
184,185,0.4888012375015395,0.02981246878462444,0.48138629371383623
185,186,0.48812112785308925,0.030335479806878517,0.4815433923400323
186,187,0.41525585840799184,0.17889172094365235,0.40585242064835525
187,188,0.4809317513170367,0.0266965260750003,0.4923717226079631
188,189,0.48365072859762975,0.0231953750977924,0.4931538963045778
189,190,0.4670532896774153,0.0553819151326603,0.4775647951899242
190,191,0.48126689283089447,0.03625014287405666,0.48248296429504833
191,192,0.4961988065782856,0.010165124743573482,0.4936360686781412
192,193,0.4570968303923191,0.08505798335058372,0.45784518625709664
193,194,0.4618563299417227,0.07340129388067455,0.4647423761776025
194,195,0.48132429777407665,0.030908352831867738,0.487767349394056
195,196,0.4982927915442113,0.003348458831125614,0.49835874962466353
196,197,0.48264045522151705,0.041955417662317813,0.4754041271161655
197,198,0.49979271649865487,0.00044755242983380563,0.4997597310715119
198,199,0.49806690228257494,0.002607774886394288,0.4993253228310304
199,200,0.46744730706945586,0.06764956040172113,0.46490313252882387
200,201,0.47611320231861054,0.03934733772497935,0.48453945995641
201,202,0.47930704908974786,0.032878275667722036,0.48781467524253036
202,203,0.43710324189836636,0.12380248548388174,0.4390942726177522
203,204,0.46331661175416256,0.06470413343187295,0.47197925481396436
204,205,0.4623392702761052,0.07287350568187197,0.46478722404202255
205,206,0.49740048288839667,0.015193967803888587,0.4874055493077146
206,207,0.44911194444105135,0.13730083524041528,0.4135872203185334
207,208,0.5000407715967378,7.324868924772988e-06,0.49995190353433755
208,209,0.4493786084200824,0.12225573326659951,0.42836565831331835
209,210,0.4927770431358635,0.02012932707474314,0.4870936297893934
210,211,0.49590095969514275,0.025297274957178602,0.4788017653476787
211,212,0.49993143489086483,1.1353602145477629e-05,0.5000572115069898
212,213,0.500490507441812,0.0008713672374943829,0.4986381253206942
213,214,0.5003900248684369,0.00196067779921123,0.49764929733235164
214,215,0.44645327007432595,0.11876076324286702,0.4347859666828073
215,216,0.4923932627230853,0.017847430930296067,0.48975930634661874
216,217,0.475763865325533,0.05273160825395549,0.4715045264205114
217,218,0.41765352178173276,0.18316884531764363,0.3991776329006245
218,219,0.41066103460201975,0.17493231245656457,0.41440665294141577
219,220,0.4084926153529406,0.1607849936720896,0.4307223909749698
220,221,0.49064658692130675,0.04815450978545654,0.46119890329323665
221,222,0.5000905486156031,2.4668360657250343e-05,0.49988478302373957
222,223,0.4736322245396374,0.05864700447072267,0.4677207709896396
223,224,0.49016865540378785,0.016106319186754012,0.4937250254094579
224,225,0.4972499770862855,0.008968548490461676,0.49378147442325315
225,226,0.46213985831713134,0.08644664715862056,0.4514134945242478
226,227,0.46240910467686475,0.07388768603940513,0.46370320928372943
227,228,0.440773755137422,0.11702257773039336,0.4422036671321845
228,229,0.4533303905895474,0.09227710571090283,0.4543925036995496
229,230,0.3974650220151902,0.22673747199970568,0.3757975059851042
230,231,0.423366980555949,0.16301904426162017,0.4136139751824302
231,232,0.46801360123889457,0.04946321386584167,0.4825231848952638
232,233,0.4706727333314418,0.1436151735588929,0.3857120931096656
233,234,0.459331566260065,0.08641472840674162,0.45425370533319337
234,235,0.47828893181420334,0.025826249956208233,0.4958848182295887
235,236,0.4438325317530509,0.08854265393520351,0.46762481431174474
236,237,0.48663530826031165,0.04661813272406838,0.46674655901561946
237,238,0.43648294182872366,0.17002794126240428,0.3934891169088722
238,239,0.4749895711424743,0.052460195130545735,0.47255023372698085
239,240,0.4461951642908965,0.03959478124473242,0.5142100544643715
240,241,0.438079441967198,0.06335387275968682,0.4985666852731153
241,242,0.49955257795383273,0.004853525905129408,0.49559389614103805
242,243,0.4954039296008031,0.009268315532936507,0.4953277548662602
243,244,0.46834322455662664,0.05581844748211101,0.47583832796126246
244,245,0.46607296763368955,0.07840058021935226,0.4555264521469591
245,246,0.4286116424443895,0.1870136439030831,0.3843747136525278
246,247,0.39186459212806346,0.2168543719388741,0.39128103593306257
247,248,0.41799943532192024,0.1581667996098282,0.4238337650682516
248,249,0.4317387112884714,0.13828570715885247,0.42997558155267546
249,250,0.49438919979828594,0.014289713831688703,0.4913210863700259
250,251,0.4470656104689907,0.1750299151033175,0.3779044744276923
251,252,0.5200718157205158,0.0976946111563185,0.38223357312316597
252,253,0.4895076197554195,0.06726011089371162,0.44323226935086835
253,254,0.4839822855480052,0.034643310002176575,0.4813744044498187
254,255,0.48194432236806567,0.2582905431324266,0.259765134499508
255,256,0.4704140508973421,0.0582260002223302,0.47135994888032856
256,257,0.40939575469742623,0.1726274400278201,0.4179768052747539
257,258,0.38704580518299286,0.1599146334271336,0.45303956138987345
258,259,0.3883720760149011,0.11590889509457555,0.49571902889052305
259,260,0.4245466232771889,0.15521805294720803,0.4202353237756029
260,261,0.4664849995570196,0.06337784106122427,0.4701371593817563
261,262,0.498621032718624,0.0010140479098166664,0.5003649193715596
262,263,0.4951355475239308,0.028671720569007866,0.47619273190706113
263,264,0.4783122323358669,0.02706565623820616,0.4946221114259267
264,265,0.49734604298388646,0.003191657187584521,0.49946229982852863
265,266,0.501424499893239,0.0008759695592938534,0.4976995305474671
266,267,0.4317517462840128,0.13610348963755572,0.4321447640784312
267,268,0.4061126016283471,0.23334666736618007,0.3605407310054728
268,269,0.4645502411516778,0.13144494946918764,0.4040048093791342
269,270,0.4328590804978053,0.1839131732169308,0.38322774628526407
270,271,0.41196804842207824,0.19106313075330256,0.39696882082461943
271,272,0.4061843472035864,0.21595067023181452,0.37786498256459916
272,273,0.4104631003785577,0.25033892639278627,0.33919797322865564
273,274,0.4513188912336123,0.14701245665268464,0.4016686521137023
274,275,0.43091900922094983,0.14069992179075774,0.42838106898829265
275,276,0.44226922588514317,0.10267002395853816,0.45506075015631925
276,277,0.5736642677643937,0.06958170981453632,0.35675402242106957
277,278,0.3280592076971783,0.35777949928798025,0.31416129301484114
278,279,0.49458242878552333,0.005442041022268963,0.49997553019220725
279,280,0.49802874892488364,0.0012507869180600172,0.5007204641570562
280,281,0.4839719861535242,0.05342647946090112,0.4626015343855746
281,282,0.47849852853150254,0.03615394941399072,0.4853475220545074
282,283,0.33340344037572883,0.3755974421278935,0.2909991174963783
283,284,0.5063199432552113,0.012030923574134456,0.4816491331706542
284,285,0.49938961527533493,0.00125510535294699,0.49935527937171714
285,286,0.5015096931889891,0.006153721838571095,0.49233658497243976
286,287,0.46338583624729845,0.29724997912229273,0.23936418463040884
287,288,0.48930246081928147,0.337095589286156,0.17360194989456257
288,289,0.3807169562671697,0.4574224586387356,0.16186058509409443
289,290,0.10027439910087667,0.40370249052441337,0.49602311037470986
290,291,0.46608409835140197,0.25122627483380955,0.282689626814789
291,292,0.4940432947369554,0.23922080207819987,0.26673590318484436
292,293,0.49117452802811357,0.40321510013840056,0.10561037183348557
293,294,0.42859883928726134,0.1575963324792814,0.41380482823345743
294,295,0.3819150231400269,0.15909877468439662,0.45898620217557673
295,296,0.07972317190249319,0.48873886141436257,0.4315379666831451
296,297,0.49504726339863253,0.008765160362529154,0.4961875762388386
297,298,0.47050148255804203,0.1280606838115305,0.4014378336304271
298,299,0.4205482583027911,0.4956843659635767,0.08376737573363158
299,300,0.50773185170312,0.2966098864733928,0.19565826182348708
300,301,0.49182938720704206,0.0036781422938759654,0.5044924704990824
301,302,0.5092025547706416,0.004905557998680574,0.485891887230678
302,303,0.4595852970183821,0.18251852261039378,0.3578961803712243
303,304,0.44121524594859635,0.27926882177506585,0.2795159322763381
304,305,0.4229161998886709,0.3801014586906915,0.19698234142063747
305,306,0.5040359321579941,0.11212305377456563,0.3838410140674407
306,307,0.5113888946026537,0.48483361626707727,0.003777489130268421
307,308,0.3306840430313448,0.32926165384736134,0.3400543031212944
308,309,0.5149936389051923,0.012391381353362835,0.47261497974144495
309,310,0.41513535939532875,0.1876267710326715,0.3972378695719997
310,311,0.4624915325406851,0.19039053362866332,0.34711793383065176
311,312,0.5304085262119493,0.03411881099981859,0.4354726627882319
312,313,0.45612591919845896,0.12602930397009218,0.4178447768314488
313,314,0.32411655577424786,0.32985165077249023,0.3460317934532619
314,315,0.3593546471697243,0.19471228009738464,0.44593307273289085
315,316,0.4220302396147339,0.07673197550093913,0.5012377848843266
316,317,0.5039968406004744,0.009111670438777112,0.4868914889607482
317,318,0.5023542029009107,0.003502129431089646,0.49414366766799944
318,319,0.4747052189506539,0.04027953610462498,0.48501524494472076
319,320,0.50147918748303,0.008656468295326333,0.48986434422164343
320,321,0.500398505102452,0.0006243458334093308,0.4989771490641383
321,322,0.5089207184909047,0.03206671327536143,0.4590125682337338
322,323,0.4667464185400467,0.03873182120471828,0.4945217602552349
323,324,0.4217864325723999,0.16554078870463787,0.4126727787229628
324,325,0.40723305005374594,0.25142363838234144,0.3413433115639132
325,326,0.5043709617348127,0.08689278933743902,0.4087362489277485
326,327,0.4982899925779402,0.14944925610029702,0.3522607513217625
327,328,0.4644602257353564,0.00698725688400194,0.5285525173806418
328,329,0.4919698291428571,0.5063376900027434,0.0016924808543996525
329,330,0.23598121646641956,0.5133594198836249,0.25065936364995617
330,331,0.4961846371808624,0.00012221945629883643,0.5036931433628387
331,332,0.564224817398591,0.027194074669596176,0.40858110793181296
332,333,0.36026507466048807,0.30222752113031004,0.33750740420920133
333,334,0.19302463704978154,0.28577404079928354,0.5212013221509346
334,335,0.4166661609460301,0.21388781897398185,0.3694460200799881
335,336,0.40396007437039627,0.3521032750728725,0.24393665055673167
336,337,0.4730750566479244,0.04903732487703834,0.4778876184750365
337,338,0.6007114945759461,0.14684160167837584,0.25244690374567824
338,339,0.5411734579723552,0.05207040743971939,0.4067561345879256
339,340,0.49345653287738417,0.3666051986889701,0.13993826843364582
340,341,0.5037171797001797,0.1955527200515097,0.3007301002483107
341,342,0.4491354648249711,0.3891037448991428,0.16176079027588636
342,343,0.48666197678151873,0.05418683606851889,0.4591511871499622
343,344,0.45422174726855347,0.3614888410234398,0.18428941170800647
344,345,0.45796289620808933,0.11255570966593724,0.42948139412597325
345,346,0.5507708960480092,0.33843833356521175,0.11079077038677915
346,347,0.39121761224754553,0.10418802704904744,0.5045943607034066
347,348,0.4926703153158327,0.0042369332673852286,0.5030927514167822
348,349,0.48172733886795016,0.11483366000778873,0.40343900112426084
349,350,0.4969174689106578,0.023516316475765322,0.47956621461357707
350,351,0.4700641020067146,0.035099091749663934,0.4948368062436219
351,352,0.4541027310309622,0.43031052202232434,0.1155867469467136
352,353,0.44931527953230105,0.15404633713709726,0.39663838333060153
353,354,0.42808181485868213,0.33345968109629487,0.23845850404502317
354,355,0.36392590297638366,0.48184844527487286,0.15422565174874353
355,356,0.537567723587782,0.0045848814575857166,0.457847394954632
356,357,0.2696756574767399,0.5355365528415827,0.19478778968167773
357,358,0.41562850566912385,0.5021922983247623,0.08217919600611379
358,359,0.4528120505493285,0.5054500418713205,0.04173790757935096
359,360,0.45448644808900046,0.03349090146056839,0.5120226504504307
360,361,0.37518901346816186,0.3062476967666684,0.3185632897651698
361,362,0.5013136923810243,0.00630170625430134,0.4923846013646741
362,363,0.5010936037021055,0.0005281669400242221,0.4983782293578701
363,364,0.3575610578598011,0.30805418375892474,0.33438475838127396
364,365,0.4851833288444568,0.0013779824428688196,0.5134386887126748
365,366,0.46928467267157864,0.4357435646212911,0.09497176270712995
366,367,0.49255583622972543,0.4601496021509816,0.04729456161929245
367,368,0.3792954084550394,0.3232180315595821,0.29748655998537815
368,369,0.4746276060190151,0.2919900520220912,0.23338234195889393
369,370,0.5035898066589906,0.352800104877495,0.14361008846351436
370,371,0.5254606989256054,0.46441651093910796,0.010122790135287073
371,372,0.3974344982023022,0.4744036010375495,0.12816190076014877
372,373,0.43097797988483877,0.37524008515712703,0.1937819349580345
373,374,0.4810530968696582,0.08157224218505756,0.43737466094528415
374,375,0.5058027422955352,0.009772670049163257,0.48442458765530133
375,376,0.4690069107204099,0.12495896859532524,0.4060341206842646
376,377,0.5031962172235169,0.00708402031204683,0.48971976246443644
377,378,0.5035291861842109,0.008000344615071308,0.48847046920071796
378,379,0.47173444641259193,0.508053160572866,0.020212393014541696
379,380,0.3570369891017414,0.18791939286987758,0.45504361802838045
380,381,0.5000121482779181,8.712868489099841e-06,0.4999791388535929
381,382,0.4453631246336701,0.05878037604091194,0.4958564993254172
382,383,0.47194270252818427,0.00470353527534613,0.5233537621964697
383,384,0.48830726161244536,0.4752468416788917,0.036445896708662696
384,385,0.4056693286299556,0.5403461063449929,0.053984565025051306
385,386,0.49813239090178907,0.08820916076086295,0.41365844833734794
386,387,0.49426746202799743,0.0009829554387169271,0.504749582533286
387,388,0.46392656987667685,0.019050782255736233,0.5170226478675872
388,389,0.4266656120311278,0.11337369798994103,0.45996068997893136
389,390,0.3456824790166423,0.5005968385129286,0.15372068247042883
390,391,0.42630044360496716,0.3501047473767536,0.2235948090182787
391,392,0.3977364052856535,0.3496610446987404,0.25260255001560594
392,393,0.43191422288874504,0.41113571290031337,0.15695006421094101
393,394,0.4674919178692578,0.5108394049205719,0.021668677210169938
394,395,0.5448974717740839,0.13804883813202476,0.31705369009389134
395,396,0.4688840512244828,0.3709207615653842,0.1601951872101332
396,397,0.47722166400377863,0.4879998977806212,0.034778438215600956
397,398,0.5579821553350499,0.20658139485191823,0.2354364498130318
398,399,0.5766062968650242,0.11799922843670718,0.3053944746982687
399,400,0.5487654236555279,0.30239252228122315,0.14884205406324913
400,401,0.5225370683429541,0.4667831554528567,0.010679776204189001
401,402,0.5302693781717676,0.4438521315385075,0.025878490289725362
402,403,0.32067620216620074,0.3802760352272885,0.2990477626065111
403,404,0.4925221351237201,0.25086002303376187,0.25661784184251835
404,405,0.5018933525644438,0.49795559269777656,0.00015105473777950686
405,406,0.48958697335845786,0.3415268394800151,0.16888618716152742
406,407,0.44184951625471164,0.370520780083934,0.1876297036613542
407,408,0.4280927728526525,0.18083075304653043,0.3910764741008171
408,409,0.5163801498151902,0.28723773831794486,0.1963821118668648
409,410,0.4695944700238084,0.4587913672421054,0.07161416273408637
410,411,0.4842547441043219,0.0011828757602026577,0.5145623801354757
411,412,0.4320495415701435,0.3957342323501338,0.17221622607972265
412,413,0.260568228465702,0.3775360628272654,0.3618957087070329
413,414,0.4542743851350687,0.005955475500928277,0.5397701393640033
414,415,0.4313948769128916,0.513500587538875,0.05510453554823336
415,416,0.37021948343398026,0.4491343050953609,0.18064621147065837
416,417,0.5001365595034646,0.3122504698704952,0.1876129706260401
417,418,0.5025377150248596,0.30050952346222487,0.1969527615129157
418,419,0.3826235403039519,0.39523814399119467,0.2221383157048539
419,420,0.40881352242946795,0.2883604286485066,0.3028260489220254
420,421,0.4407629795343094,0.5077876356056096,0.051449384860080834
421,422,0.6118567795365258,0.15348808677878875,0.23465513368468566
422,423,0.4912088826978613,0.43841165008273336,0.07037946721940515
423,424,0.40875532933897774,0.3005781124875375,0.29066655817348447
424,425,0.49795056158509776,0.44572797595859553,0.05632146245630706
425,426,0.5046930236602882,0.0630203507149366,0.4322866256247749
426,427,0.4863108964812663,0.42946997855100144,0.08421912496773296
427,428,0.497151033575392,0.44575418517981014,0.05709478124479827
428,429,0.3651681408336219,0.3132196269944564,0.3216122321719215
429,430,0.5062807406248988,0.4935509652244656,0.00016829415063611663
430,431,0.45201775664828175,0.1611960735416035,0.3867861698101149
431,432,0.4660865802292033,0.42186538000990265,0.11204803976089418
432,433,0.34906182054220675,0.34202799632860353,0.3089101831291899
433,434,0.4264231475309983,0.2804917952584326,0.293085057210569
434,435,0.5380232425267799,0.06998227959454424,0.3919944778786764
435,436,0.49568016654990266,0.02897095499341254,0.47534887845668494
436,437,0.4672109547941565,0.5182288276593073,0.014560217546536117
437,438,0.49978985018066957,0.4987558784744927,0.0014542713448373024
438,439,0.4208855094598955,0.45843560681123596,0.12067888372886858
439,440,0.5068010754408488,0.0013240464968970677,0.49187487806225383
440,441,0.5316214649469917,0.014528597706191046,0.4538499373468172
441,442,0.24347325022981772,0.5755747217129374,0.18095202805724486
442,443,0.48864772553670577,0.48370447323834403,0.027647801224950384
443,444,0.508318510037564,0.12312402829068829,0.36855746167174785
444,445,0.5488950192639726,0.23426364943996603,0.21684133129606117
445,446,0.4991542542500302,0.5006883776372587,0.00015736811271102092
446,447,0.5093693394431057,0.48903460674175225,0.0015960538151421405
447,448,0.2371873659978211,0.3154207925914068,0.4473918414107715
448,449,0.49282393961913085,0.5060429754302285,0.001133084950640453
449,450,0.4899776573210483,0.2734032700195391,0.2366190726594127
450,451,0.45736100599624746,0.3226878399503062,0.21995115405344637
451,452,0.47930079638804285,0.2239822989155951,0.29671690469636214
452,453,0.49778858752335997,0.010686481921503694,0.4915249305551364
453,454,0.37512384544121824,0.2941571940960527,0.3307189604627297
454,455,0.49640914229937105,0.00016528603692716733,0.503425571663702
455,456,0.37518996876366106,0.21955867418942146,0.4052513570469183
456,457,0.19196417766489016,0.5519765281098549,0.25605929422525486
457,458,0.5413018055024076,0.05308390323107301,0.4056142912665198
458,459,0.1501415708246445,0.4374365075646343,0.4124219216107212
459,460,0.017689165559642044,0.47669016721276697,0.5056206672275907
460,461,0.0415111420834863,0.4699342297678629,0.4885546281486509
461,462,0.33463453047351815,0.2884109275553391,0.37695454197114275
462,463,0.3610456972026543,0.318588714158769,0.32036558863857645
463,464,0.03047421477981822,0.46970477262444676,0.4998210125957345
464,465,0.3569579794686747,0.5003793890257607,0.14266263150556435
465,466,0.38949007853227413,0.4408135015268933,0.16969641994083184
466,467,0.4713482370914255,0.5052596218151646,0.023392141093409712
467,468,0.49137278056080025,0.5036232116966315,0.00500400774256778
468,469,0.49831370323433977,0.501460605076426,0.00022569168923402115
469,470,0.4714566060712443,0.38871062868891887,0.13983276523983676
470,471,0.5072370935805113,0.47843346016593286,0.014329446253555913
471,472,0.5042678702851393,0.0908747419117542,0.40485738780310654
472,473,0.3936113848179534,0.08901121807311466,0.5173773971089326
473,474,0.2981539724348109,0.46512199359086137,0.2367240339743277
474,475,0.48558339296595343,0.07456244328543978,0.4398541637486062
475,476,0.4058609294773115,0.40651462086415646,0.18762444965853173
476,477,0.42050654952157196,0.4600482542902736,0.11944519618815386
477,478,0.2744722206167123,0.46969534545860286,0.2558324339246842
478,479,0.4592098540261726,0.4935634212492648,0.04722672472456247
479,480,0.493137222041989,0.5029603043094046,0.003902473648606197
480,481,0.4993777029457651,0.4947026850594371,0.00591961199479747
481,482,1.5289905596741153e-05,0.5000779602557994,0.4999067498386041
482,483,0.25927823944478423,0.21738484777727812,0.5233369127779384
483,484,0.47988818818056955,0.0036288220560853866,0.5164829897633451
484,485,0.5140391338134603,0.29664582339859963,0.18931504278793979
485,486,0.0792352139241545,0.38266134366795956,0.5381034424078858
486,487,0.2592788633423876,0.295114989886688,0.44560614677092464
487,488,0.08483731959127955,0.4480135871165911,0.4671490932921301
488,489,0.5027452434832458,0.011002716342336277,0.48625204017441825
489,490,0.5264010515357235,0.4588496668221861,0.014749281642090294
490,491,0.5200990878395799,0.4251012672756248,0.05479964488479572
491,492,0.5078178022309497,0.490339463249809,0.0018427345192412172
492,493,0.4827630938099665,0.420058133567468,0.09717877262256558
493,494,0.46996876144982874,0.4592370569926328,0.07079418155753885
494,495,0.4431838503144086,0.44536607574112813,0.1114500739444638
495,496,0.4653228986838465,0.4166945421850601,0.11798255913109325
496,497,0.4630832902042723,0.19147244982550063,0.34544425997022615
497,498,0.5020166467806276,0.09009968566148155,0.4078836675578912
498,499,0.48723179603059985,0.4340329617523171,0.07873524221708252
499,500,0.49851497217750024,0.4901932920869885,0.011291735735511477
500,501,0.2513679910256239,0.40834469325693845,0.34028731571743753
501,502,0.43064859841126496,0.44001263709045335,0.12933876449828172
502,503,0.500336323506773,0.3438150738856078,0.15584860260761968
503,504,0.4360520742600128,0.2823553551096243,0.2815925706303629
504,505,0.474704794312939,0.4847955625735238,0.040499643113536855
505,506,0.44169292362018703,0.4822653576159824,0.07604171876383047
506,507,0.4575459222189088,0.4267748281181694,0.11567924966292172
507,508,0.41632185066329874,0.43521366077147294,0.148464488565228
508,509,0.08447953301271756,0.44895759027089,0.4665628767163931
509,510,0.008429599214005727,0.5229173612441037,0.4686530395418906
510,511,0.26575244016658756,0.4749668728872859,0.2592806869461258
511,512,0.4304149496389797,0.25961354067078274,0.3099715096902383
512,513,0.48828398317123844,0.05110744724238451,0.4606085695863772
513,514,0.5017979664999037,0.001091201745450579,0.4971108317546462
514,515,0.35172236793965517,0.11069353330312816,0.5375840987572166
515,516,0.5066280731256798,0.004149825971656723,0.4892221009026629
516,517,0.5077861764277423,0.0018971710806445859,0.4903166524916133
517,518,0.50480448318979,0.0680394011840048,0.4271561156262055
518,519,0.49828342294144007,0.5000392551473934,0.001677321911166103
519,520,0.5010884304865484,0.49845450998049085,0.00045705953296115313
520,521,0.1403642126333835,0.5315815719966137,0.32805421537000196
521,522,0.060340869755503,0.5027610230920045,0.43689810715249316
522,523,0.4318397297835246,0.16213118860134032,0.40602908161513557
523,524,0.391063847251929,0.31501674155224474,0.29391941119582643
524,525,0.4152006651724734,0.3834332081232171,0.20136612670430895
525,526,0.32785485040067014,0.45603286261695986,0.2161122869823698
526,527,0.5030998453922721,0.0014346342849692502,0.4954655203227586
527,528,0.5030044472788195,0.002480251152103734,0.4945153015690768
528,529,0.4868106997592157,0.3555940083051491,0.15759529193563493
529,530,0.43477534906167326,0.20300978614650594,0.3622148647918208
530,531,0.45871121952781535,0.10268377336712646,0.43860500710505834
531,532,0.43210805747900466,0.184720758702168,0.3831711838188267
532,533,0.4635229100629392,0.17396060177913633,0.36251648815792475
533,534,0.48423718120394366,0.0972185901615579,0.4185442286344986
534,535,0.49088751251897755,0.06486089386217972,0.4442515936188426
535,536,0.4798435244691056,0.38623714656097047,0.13391932896992306
536,537,0.540865506649877,0.25164172749221997,0.20749276585790322
537,538,0.4769316673785868,0.4949380058008521,0.02813032682056035
538,539,0.5025727839099343,0.4574358209401404,0.03999139514992567
539,540,0.4422678758073333,0.25872773260022325,0.29900439159244324
540,541,0.49747994117131,0.014778304243957608,0.48774175458473223
541,542,0.4681250524457387,0.054733866177061226,0.47714108137720024
542,543,0.5253994135255281,0.35024544219258785,0.12435514428188424
543,544,0.37750620471377416,0.5270035980926748,0.09549019719355187
544,545,0.4892153196586127,0.3591878706919904,0.15159680964939679
545,546,0.358864052328309,0.22970442503041352,0.41143152264127764
546,547,0.4705742260506885,0.5138632034333998,0.015562570515911697
547,548,0.383752876072182,0.5293925345971865,0.08685458933063123
548,549,0.14401923408829584,0.31073458703828744,0.5452461788734163
549,550,0.031791972634980556,0.42922385996759754,0.5389841673974223
550,551,0.4430893367025274,0.5025293197268657,0.054381343570607324
551,552,0.5016835512704755,0.4964394141401989,0.0018770345893250266
552,553,0.4951972401788431,0.4971950281898219,0.007607731631334729
553,554,0.3144786980561579,0.3630182744139611,0.32250302752988125
554,555,0.4715016410302218,0.20001480022013796,0.32848355874964064
555,556,0.4045048559477849,0.36779649654951496,0.22769864750270036
556,557,0.4496021380707231,0.19455316247869736,0.3558446994505797
557,558,0.4488314038674026,0.34197294226520153,0.20919565386739591
558,559,0.4459107970250708,0.37012313378367007,0.18396606919125927
559,560,0.49321291923169513,0.46079154448105303,0.04599553628725253
560,561,0.5007896434418607,0.4640097782192783,0.03520057833886031
561,562,0.5045657272792757,0.4754766961179845,0.019957576602739648
562,563,0.47757360032305723,0.410162844371682,0.11226355530526123
563,564,0.4715326165534232,0.46533351324730166,0.06313387019927562
564,565,0.5147335174272342,0.10141308248245391,0.38385340009031205
565,566,0.5647646336096469,0.12990713180371113,0.305328234586642
566,567,0.2975466676450944,0.4676117352151441,0.23484159713976185
567,568,0.49064500371418635,0.48482853675151133,0.024526459534302127
568,569,0.5258701348362428,0.43310588165905534,0.04102398350470209
569,570,0.4025506756879231,0.16818208357378306,0.42926724073829436
570,571,0.4896842612305385,0.04735979604364093,0.4629559427258207
571,572,0.5043805750628543,0.35618805795127906,0.1394313669858664
572,573,0.4559063203383823,0.3725878852449951,0.17150579441662245
573,574,0.460664970534487,0.2584043397795331,0.2809306896859796
574,575,0.10739940236598164,0.40248073839292314,0.4901198592410951
575,576,0.031595073205583094,0.5314879482105678,0.43691697858384915
576,577,0.022239665771641378,0.4381314226317682,0.5396289115965905
577,578,0.5006323578383916,0.4993103264452654,5.731571634328657e-05
578,579,0.5021027748813012,0.49773419371074584,0.0001630314079530436
579,580,0.3907057783500601,0.2512653876546937,0.358028833995246
580,581,0.3538099172506423,0.2791777288971346,0.36701235385222325
581,582,0.4074244695538792,0.08507384360051048,0.5075016868456108
582,583,0.4937298993904933,0.4900327607233052,0.01623733988620129
583,584,0.4950337280821068,0.504420302781774,0.0005459691361194894
584,585,0.0962618748926773,0.3384018857288661,0.5653362393784572
585,586,0.4802598883058017,0.020232367564434126,0.49950774412976445
586,587,0.49323369974480025,0.5014149973624656,0.0053513028927340564
587,588,0.34013414493627814,0.24886547986334182,0.41100037520037963
588,589,0.4407800214041162,0.36149979238343816,0.19772018621244583
589,590,0.4662313498226216,0.47717512836928216,0.056593521808096195
590,591,0.44831829978675386,0.030504940673289283,0.521176759539957
591,592,0.5272897869713601,0.23824994622213796,0.23446026680650187
592,593,0.5001834557904089,0.00027117744189833747,0.499545366767693
593,594,0.4923928818625644,0.40862562804900204,0.09898149008843415
594,595,0.499129370944037,0.49880228630913503,0.0020683427468279015
595,596,0.48765013454465,0.440510429767524,0.07183943568782596
596,597,0.40764363786066204,0.43231042993186963,0.16004593220746785
597,598,0.1397894066025218,0.4775502332393142,0.382660360158164
598,599,0.47468431950646506,0.5042564488107727,0.02105923168276209
599,600,0.5043078722022027,0.39914976309501615,0.09654236470278117
600,601,0.5000960178648286,0.49989671784186085,7.264293311073269e-06
