,Window_Index,Loading_Temperature_Prop,Loading_force_Prop,Loading_Voltage_Prop
0,1,0.38960094229462966,0.0735505804350185,0.5368484772703518
1,2,0.3872370547213877,0.43316755822977726,0.179595387048835
2,3,0.43482331254469325,0.4158074486647609,0.1493692387905462
3,4,0.3651113264114055,0.3523881712623815,0.2825005023262129
4,5,0.6371349407368334,0.15173870796712793,0.21112635129603835
5,6,0.49993457919009715,0.49775870287503676,0.002306717934866061
6,7,0.2900150865956799,0.40144146782158185,0.3085434455827386
7,8,0.46019613665162945,0.46353936171085863,0.07626450163751183
8,9,0.47724656487358297,0.5055097940018755,0.017243641124541558
9,10,0.4469082601537074,0.5039963701786018,0.04909536966769058
10,11,0.4895044122005361,0.5051759352350337,0.005319652564429834
11,12,0.4073154279793557,0.30729533172604157,0.2853892402946026
12,13,0.4404758113417369,0.4657542147631922,0.09376997389507072
13,14,0.4818464631255605,0.4966883363256306,0.021465200548808273
14,15,0.43681331573852655,0.47979563365588573,0.08339105060558744
15,16,0.5018889654337703,0.4664342848376482,0.03167674972858161
16,17,0.44030990017951555,0.4486032062606486,0.11108689355983592
17,18,0.19511057162818427,0.41192913457550057,0.392960293796315
18,19,0.4380244495337526,0.44989073361490195,0.11208481685134483
19,20,0.46624249656088423,0.4681393660964894,0.06561813734262609
20,21,0.5001132706221109,0.499810374594415,7.63547834743589e-05
21,22,0.50061071033022,0.4959987382640169,0.003390551405763445
22,23,0.4983528826403098,0.4945334730132833,0.007113644346406868
23,24,0.23418045784663163,0.38199100412144243,0.3838285380319259
24,25,0.5011305606727456,0.4983955097385658,0.0004739295886885526
25,26,0.4993184768850388,0.5004846117741634,0.00019691134079766342
26,27,0.46026739515781245,0.4604110766157427,0.07932152822644425
27,28,0.4997332484772623,0.4992570235200427,0.0010097280026956697
28,29,0.4918956438005957,0.49625979737778303,0.011844558821621142
29,30,0.4746288264412478,0.5023730585990848,0.022998114959667876
30,31,0.4987002811862006,0.4975414561430576,0.0037582626707422305
31,32,0.49529583997667537,0.503159137848031,0.0015450221752939361
32,33,0.4970122688440993,0.47906230704333125,0.023925424112569954
33,34,0.4889108053353614,0.4925838539816533,0.018505340682985073
34,35,0.49073420596288747,0.49452175979990604,0.014744034237206449
35,36,0.4838594109223502,0.48832724359770785,0.027813345479941496
36,37,0.4869917983486661,0.4708150838259396,0.04219311782539374
37,38,0.4990990050759442,0.50010498180803,0.0007960131160251015
38,39,0.4989865806305354,0.4981136846624862,0.0028997347069781953
39,40,0.4880885848177169,0.4912617618413048,0.020649653340978114
40,41,0.47664359973668347,0.4744021351871509,0.048954265076165925
41,42,0.491406158792866,0.500660693171571,0.007933148035562275
42,43,0.44253981178263924,0.4828740682593767,0.07458611995798409
43,44,0.39626569698876135,0.5033465465485858,0.10038775646265272
44,45,0.4918007511880626,0.049170389701188796,0.45902885911074903
45,46,0.3277389540111037,0.33712880106287674,0.33513224492601934
46,47,0.3180038539088072,0.33889579827136734,0.3431003478198261
47,48,0.2948891734193895,0.34338435457173405,0.36172647200887625
48,49,0.419805017482059,0.14255108198486116,0.43764390053307944
49,50,0.46822339518297684,0.06327204570781692,0.46850455910920596
50,51,0.49564105263312164,0.007789757222625899,0.49656919014425294
51,52,0.5001254630975737,0.00025093781495470513,0.4996235990874713
52,53,0.4216533391802,0.17213359862098607,0.406213062198814
53,54,0.5437471782448503,0.06305850698099565,0.3931943147741545
54,55,0.4463034404850769,0.1013153964397122,0.4523811630752118
55,56,0.4749055365783816,0.05493937850937074,0.4701550849122479
56,57,0.4642086949204822,0.0747881212666481,0.4610031838128699
57,58,0.4080883785048553,0.18710846841724157,0.40480315307790204
58,59,0.44260043991275877,0.11543697044995976,0.44196258963728186
59,60,0.49765757895068796,0.09795814791593627,0.40438427313337605
60,61,0.43040852703909394,0.44840968823333743,0.12118178472756866
61,62,0.35373814420965455,0.3074344994255443,0.3388273563648009
62,63,0.3635329067354138,0.27266415685892825,0.36380293640565786
63,64,0.3587129710250077,0.27890728607320536,0.36237974290178737
64,65,0.36786815109466064,0.25745942309621844,0.37467242580912136
65,66,0.3651327859156269,0.26930899900626254,0.3655582150781107
66,67,0.37953884432365065,0.2431861872637533,0.3772749684125961
67,68,0.38401089793875026,0.24185304411036493,0.3741360579508844
68,69,0.4074621284552208,0.1754726428781145,0.41706522866666473
69,70,0.4013459542115322,0.18053250037518576,0.4181215454132825
70,71,0.38517690411460415,0.21292183377508206,0.4019012621103132
71,72,0.34048992061859507,0.2665371911633537,0.3929728882180509
72,73,0.22617488990986062,0.3687454659129318,0.40507964417720865
73,74,0.043159295536710586,0.47510181147046765,0.481738892992822
74,75,0.3123768235029981,0.3335074256274874,0.35411575086951463
75,76,0.32305256135808913,0.3278223071847049,0.349125131457206
76,77,0.3465815010474105,0.29792760517804356,0.35549089377454557
77,78,0.3654001359973021,0.2661238344014594,0.3684760296012381
78,79,0.3803814033311327,0.23585468345956936,0.3837639132092973
79,80,0.35131881611001176,0.2835661950715987,0.36511498881838944
80,81,0.35917137675510413,0.26141879161467335,0.37940983163022196
81,82,0.4438921639481319,0.10120764603784149,0.4549001900140267
82,83,0.49562392303510616,0.007776186032825738,0.49659989093206786
83,84,0.4941079529022565,0.009377002584518363,0.49651504451322503
84,85,0.4304915036441608,0.11893227357925612,0.4505762227765834
85,86,0.372798963764841,0.24249600803671392,0.3847050281984453
86,87,0.41066168632845185,0.18750088322733308,0.40183743044421455
87,88,0.4041091276356162,0.20026615495921338,0.3956247174051703
88,89,0.4125942623897507,0.17961388246332743,0.40779185514692173
89,90,0.4038304386618281,0.1850926104589142,0.4110769508792575
90,91,0.41333256782828226,0.16685932599014913,0.41980810618156944
91,92,0.4268847537122941,0.1450825723876026,0.42803267390010286
92,93,0.37424531159300667,0.25183523074055447,0.3739194576664387
93,94,0.3983402925524006,0.21039415302778314,0.3912655544198161
94,95,0.4156759458582547,0.1856903752806787,0.39863367886106754
95,96,0.390307417732824,0.24406936005563007,0.3656232222115466
96,97,0.3753424194240577,0.2322997563945818,0.39235782418136145
97,98,0.4093552006891672,0.1635661862853181,0.42707861302551464
98,99,0.4137036474922933,0.1850245761593528,0.40127177634835387
99,100,0.3956710439213876,0.21693786613306204,0.38739108994555094
100,101,0.40173835874670255,0.19833121097585424,0.39993043027744307
101,102,0.43137407341459916,0.14569348983364797,0.4229324367517533
102,103,0.4344699808715734,0.1363056391524525,0.42922437997597424
103,104,0.40414380303538633,0.20171858748219704,0.3941376094824163
104,105,0.3840474775290048,0.22908384081043776,0.3868686816605571
105,106,0.376299703878091,0.28095686298992406,0.3427434331319849
106,107,0.3879513401174868,0.2814333753960063,0.33061528448650707
107,108,0.41100112544773454,0.2562658390785551,0.3327330354737103
108,109,0.45151332190296983,0.11184220171828514,0.43664447637874504
109,110,0.45450659113340436,0.1008469968705543,0.4446464119960411
110,111,0.42416350191629393,0.1626014189781749,0.4132350791055314
111,112,0.4038848636342914,0.21350598309219762,0.3826091532735108
112,113,0.41624380972425473,0.17351985363113856,0.41023633664460685
113,114,0.37472646831735296,0.269067404282765,0.35620612739988217
114,115,0.3901988441278404,0.2553408638772885,0.3544602919948711
115,116,0.4186101872957962,0.19816436429273196,0.3832254484114716
116,117,0.4225286293967544,0.19209420476963654,0.38537716583360854
117,118,0.4276592813891544,0.23047291918230386,0.3418677994285425
118,119,0.4082568163361086,0.2839019035734085,0.307841280090483
119,120,0.42794979231375885,0.16438966835085395,0.40766053933538693
120,121,0.3844487723456626,0.25584161294789876,0.35970961470643814
121,122,0.40610807927685016,0.20277404693129647,0.39111787379185353
122,123,0.40121472879001746,0.20587531831713415,0.39290995289284875
123,124,0.38681303497897546,0.2539076780835419,0.3592792869374824
124,125,0.4017265424565093,0.19542138373711038,0.40285207380638044
125,126,0.4782648665085553,0.03801262284238491,0.48372251064905913
126,127,0.45193919221730483,0.19687316467968324,0.3511876431030119
127,128,0.4878361005183582,0.14543960390689392,0.36672429557474767
128,129,0.48425718496697806,0.2992820044139909,0.21646081061903139
129,130,0.4921723382769675,0.4097313401796764,0.09809632154335607
130,131,0.5093360511983681,0.3970915601301146,0.09357238867151753
131,132,0.43488989842112513,0.19771750287984055,0.3673925986990349
132,133,0.42193376459280396,0.279691364387234,0.2983748710199626
133,134,0.4289795039169201,0.32548331707817296,0.24553717900490712
134,135,0.43992991631822626,0.3065494058504113,0.25352067783136256
135,136,0.4324043566385306,0.24504466453156012,0.32255097882990885
136,137,0.44456661650264384,0.08699768464850803,0.4684356988488483
137,138,0.4873887332996714,0.030875112257451327,0.481736154442877
138,139,0.4990758658201627,0.003907421117582256,0.49701671306225503
139,140,0.4666482277420995,0.11891815668053701,0.414433615577364
140,141,0.45877330071780753,0.42319007609766396,0.11803662318452827
141,142,0.46549677307072057,0.21338006617556268,0.32112316075371783
142,143,0.49499328664905273,0.04493436537533074,0.4600723479756157
143,144,0.46900890061656414,0.3521976776666771,0.1787934217167589
144,145,0.47551331941629665,0.27541979620938056,0.24906688437432253
145,146,0.43861540706927904,0.09156015317157934,0.46982443975914195
146,147,0.5023848231196062,0.0011288286377880894,0.4964863482426054
147,148,0.5051433184543533,0.33893599794086693,0.15592068360477931
148,149,0.44452149463637813,0.30582794571480715,0.24965055964881458
149,150,0.49324206948464194,0.2945680445454448,0.21218988596991326
150,151,0.5020695767284991,0.49652947180410223,0.0014009514673985956
151,152,0.41085419248503696,0.430211668194769,0.1589341393201934
152,153,0.39247174708201127,0.381901889886052,0.22562636303193637
153,154,0.48099055613597197,0.5097864063783999,0.009223037485628503
154,155,0.40916979031296,0.4522063788915517,0.13862383079548807
155,156,0.3885770723242086,0.3869064218970273,0.22451650577876398
156,157,0.4781464328242211,0.46810335068512765,0.053750216490651245
157,158,0.5002390227927431,0.4996238908201003,0.0001370863871566308
158,159,0.4806592061304498,0.4597361347109946,0.05960465915855586
159,160,0.4723131550709017,0.4858420849029266,0.041844760026171685
160,161,0.5076951883792326,0.4128058272767826,0.07949898434398484
161,162,0.5122067912575472,0.12340047905104752,0.3643927296914048
162,163,0.4435885173315218,0.331111791619316,0.22529969104916253
163,164,0.46128803813816144,0.1043100643502205,0.4344018975116179
164,165,0.4789668635009975,0.07632390943031171,0.4447092270686913
165,166,0.48392436891804036,0.02123987451532928,0.49483575656663037
166,167,0.37667092661302376,0.2490118763985812,0.37431719698839483
167,168,0.3765042105554203,0.37968596020254786,0.24380982924203173
168,169,0.51266132865279,0.25351680944482713,0.2338218619023834
169,170,0.4964882234679922,0.4769265554069852,0.026585221125022734
170,171,0.4633525627408578,0.15182944833849824,0.3848179889206444
171,172,0.483096835361459,0.20403485941478972,0.3128683052237513
172,173,0.50985916157767,0.44765022659548315,0.042490611826846686
173,174,0.5161276311072894,0.22900742172871014,0.25486494716400043
174,175,0.5158192307286359,0.0291522471217387,0.45502852214962536
175,176,0.49825440906467705,0.4853530737367298,0.016392517198593408
176,177,0.3853152391558953,0.44292147710096696,0.17176328374313743
177,178,0.4653809760435351,0.29048763401655014,0.244131389939915
178,179,0.5039038377227267,0.03218947791651764,0.46390668436075577
179,180,0.4775552230633325,0.3490823601571037,0.17336241677956382
180,181,0.5091251461129804,0.47016355005886135,0.020711303828158157
181,182,0.4276640333675419,0.4811996949126439,0.09113627171981419
182,183,0.39444464558101633,0.36443738019375976,0.24111797422522396
183,184,0.5177592768184572,0.2485900345463102,0.23365068863523245
184,185,0.3969939626043722,0.5195220446066273,0.08348399278900039
185,186,0.4698321564324057,0.007232117321892611,0.5229357262457013
186,187,0.4190610485729904,0.03692516374775632,0.5440137876792531
187,188,0.39468620884568034,0.4648743361218505,0.14043945503246955
188,189,0.3392810002191944,0.22506673776166836,0.4356522620191374
189,190,0.3823922240591068,0.1306646441681596,0.48694313177273385
190,191,0.38454890478982784,0.24941567905996948,0.36603541615020246
191,192,0.5188056629710673,0.4759995115470672,0.0051948254818655224
192,193,0.4574023894905787,0.0455146237672919,0.49708298674212914
193,194,0.4936191862331288,0.0013254904409781608,0.5050553233258932
194,195,0.4548306062819631,0.4595222416640717,0.0856471520539659
195,196,0.4798294196334461,0.1446732865738183,0.3754972937927359
196,197,0.4419347101511191,0.05600353988927218,0.5020617499596087
197,198,0.5002740495054161,0.49806823652065185,0.0016577139739321566
198,199,0.3219284025148315,0.4461558141272596,0.23191578335790883
199,200,0.3797406897210564,0.5046826952144227,0.11557661506452115
200,201,0.4676886713620722,0.12515112343280946,0.4071602052051185
201,202,0.5308351935144834,0.01187119041687739,0.457293616068639
202,203,0.4957675450151283,0.018024766842025856,0.4862076881428459
203,204,0.47797087116181153,0.2608364584112643,0.2611926704269236
204,205,0.19178309875751398,0.3154944508929753,0.4927224503495108
205,206,0.39829159131881714,0.2726054589368278,0.3291029497443547
206,207,0.5353595545398188,0.058319566442553324,0.40632087901762776
207,208,0.5009123643245351,0.17495252272042067,0.3241351129550439
208,209,0.5020114403018298,0.4978603086913598,0.00012825100681042073
209,210,0.10140338257529266,0.5854872627696719,0.3131093546550358
210,211,0.36612776663935637,0.5472591226519592,0.08661311070868462
211,212,0.08187806358655605,0.3933428122673735,0.5247791241460703
212,213,0.054611484762110724,0.6068348324080041,0.3385536828298856
213,214,0.4967796672959723,0.5026934780832358,0.0005268546207912729
214,215,0.4964286017740716,0.4910002583671145,0.012571139858814133
215,216,0.494051432694969,0.43418355445254503,0.07176501285248624
216,217,0.5078665472752345,0.4511754346079204,0.04095801811684534
217,218,0.4698855380994192,0.3594954128883872,0.17061904901219357
218,219,0.49978567611734787,0.5001636450085252,5.067887412699741e-05
219,220,0.49993678857003043,0.4998528471122515,0.00021036431771752492
220,221,0.5000347733816503,0.49995040403944035,1.4822578909287518e-05
221,222,0.4501312661694568,0.16315597273088023,0.38671276109966307
222,223,0.580775153420238,0.28950065898170313,0.12972418759805915
223,224,0.501640354441214,0.4983282039775232,3.144158126236389e-05
224,225,0.24171694055558687,0.5423893709167045,0.21589368852770885
225,226,0.36528391538478444,0.549390997252572,0.08532508736264356
226,227,0.39950887977129856,0.40282967706890294,0.19766144315979853
227,228,0.23309866713327843,0.651474108923523,0.11542722394319829
228,229,0.5663436602765497,0.4204346765778505,0.013221663145600046
229,230,0.4925890338234306,0.0005174495324681316,0.5068935166441015
230,231,0.513408424710183,0.20920170961740708,0.27738986567240975
231,232,0.5049505036507042,0.06940261534614309,0.4256468810031526
232,233,0.5481067367934354,0.38011429617127007,0.07177896703529395
233,234,0.49756787148732035,0.4981332961669294,0.004298832345750156
234,235,0.4722234359759984,0.3728198183723464,0.1549567456516556
235,236,0.5179711947257395,0.08161793698382913,0.4004108682904313
236,237,0.40831771001665745,0.33800303733399817,0.25367925264934393
237,238,0.444084017974958,0.5338915405041676,0.022024441520874447
238,239,0.5753753474943671,0.3813360517980132,0.04328860070761981
239,240,0.5000983872285042,0.4999009953227177,6.174487782795281e-07
240,241,0.48851818114729256,0.19500041515342165,0.3164814036992859
241,242,0.5134893613944903,0.031240852334475922,0.45526978627103387
242,243,0.49732671108679677,0.45696906147661637,0.04570422743658712
243,244,0.4779971325251703,0.2627051332029159,0.25929773427191394
244,245,0.4760706902262769,0.29055152300047343,0.23337778677324914
245,246,0.5167781708670477,0.4559751617306449,0.02724666740230708
246,247,0.45440566721157655,0.23650797230646595,0.3090863604819576
247,248,0.41584333975037613,0.2438847083057069,0.3402719519439172
248,249,0.41802563508509716,0.2847985391648885,0.29717582575001483
249,250,0.5033602097625658,0.48735381583672693,0.009285974400707189
250,251,0.46599995930185784,0.4691820846315225,0.0648179560666189
251,252,0.49978452120239664,0.49999142055899115,0.00022405823861193386
252,253,0.545196333409904,0.017510240128290812,0.43729342646180547
253,254,0.32502732051370625,0.3939967294488258,0.28097595003746767
254,255,0.3442038008029816,0.46898067755290057,0.1868155216441185
255,256,0.20505963434358646,0.2712555237499912,0.5236848419064226
256,257,0.4974353795919458,0.2734884343113976,0.22907618609665634
257,258,0.5026333512363693,0.06391803057753068,0.4334486181860996
258,259,0.4812473657687453,0.027984052940530676,0.4907685812907232
259,260,0.45361522656855946,0.5097538307936537,0.036630942637786885
260,261,0.5421394281380038,0.42518589029445114,0.032674681567545584
261,262,0.4000183143930383,0.35983736487672624,0.24014432073023637
262,263,0.5109260823441404,0.2235027377348606,0.26557117992099927
263,264,0.3515508355434216,0.5903900053829738,0.058059159073605086
264,265,0.5350604907304196,0.39721268444829044,0.06772682482129053
265,266,0.5139436228125899,0.46852209379321663,0.01753428339419408
266,267,0.41782104873613557,0.40806745335402633,0.17411149790983751
267,268,0.34164669890654314,0.33024769100585605,0.32810561008760086
268,269,0.22617587001932657,0.3100670273307293,0.4637571026499438
269,270,0.4409835119371482,0.04890539548201281,0.5101110925808389
270,271,0.31144603347639943,0.10066510562330769,0.5878888609002929
271,272,0.3582827765415921,0.5152625382370846,0.12645468522132278
272,273,0.3983522457036632,0.028067238923047917,0.5735805153732886
273,274,0.5011653399734187,0.0022762857906248072,0.49655837423595633
274,275,0.48091638003592313,0.38685049881204203,0.1322331211520349
275,276,0.47220234407367817,0.40591236417747184,0.1218852917488498
276,277,0.4871209973366732,0.1262610033373696,0.3866179993259574
277,278,0.509801685680789,0.021525555259461336,0.4686727590597498
278,279,0.5068565092303636,0.00969217227889231,0.483451318490744
279,280,0.5014255270214338,0.019899631998875737,0.4786748409796907
280,281,0.07667213755700697,0.5088870788432966,0.41444078359969583
281,282,0.45886218247292004,0.33678221576955164,0.20435560175752845
282,283,0.41698324337707066,0.47878996964338894,0.10422678697954102
283,284,0.4648475885339206,0.43485833801128065,0.10029407345479861
284,285,0.5240918640441382,0.31653671313271453,0.15937142282314673
285,286,0.5352478604693051,0.09862231241140439,0.36612982711929026
286,287,0.40091971552134914,0.3923895332336094,0.20669075124504116
287,288,0.47872393195621493,0.48204752875425694,0.03922853928952831
288,289,0.3448819174970191,0.09123828551058114,0.5638797969924001
289,290,0.33179677145386904,0.32189009482143965,0.34631313372469097
290,291,0.22002211512005157,0.44135821085161586,0.33861967402833226
291,292,0.35191302108140915,0.369159226261703,0.27892775265688746
292,293,0.42670477296432635,0.44594143914373935,0.1273537878919341
293,294,0.32211249534940334,0.33638936227625565,0.34149814237434084
294,295,0.23678784997724006,0.548810209353725,0.21440194066903545
295,296,0.4330891293696623,0.23672655339583315,0.3301843172345042
296,297,0.5080076152989406,0.13516053807049713,0.3568318466305624
297,298,0.46142526983222903,0.06673755188283637,0.4718371782849348
298,299,0.20968054011828613,0.5529846228578404,0.2373348370238736
299,300,0.33909858085065836,0.36805801272130045,0.2928434064280412
300,301,0.47051657606990327,0.2907597947070659,0.23872362922303106
301,302,0.37169155924313135,0.35280482209389674,0.2755036186629713
302,303,0.44397890466825113,0.28387363437070806,0.2721474609610403
303,304,0.4905381925990961,0.0011447251268665256,0.5083170822740367
304,305,0.45996607827917907,0.034631171402815214,0.5054027503180054
305,306,0.010677796909720769,0.44214822935153547,0.5471739737387444
306,307,0.5027780298580824,0.44422834918514675,0.052993620956770904
307,308,0.5000930820187438,0.4842136076832136,0.01569331029804271
308,309,0.4938963720404275,0.49460483294504426,0.011498795014528222
309,310,0.49881617352977936,0.38810702360697724,0.11307680286324288
310,311,0.5096217767673891,0.4851898499179662,0.005188373314644821
311,312,0.4673148083897982,0.5228962742510174,0.009788917359184416
312,313,0.4039925380964412,0.060064552433238966,0.53594290947032
313,314,0.4572980639296703,0.19771910092260833,0.34498283514772193
314,315,0.4993045567389108,0.4957631488594008,0.004932294401689015
315,316,0.4799140808689552,0.01233460600769857,0.5077513131233461
316,317,0.49704418736960554,0.0008178409148505765,0.5021379717155436
317,318,0.022899403070874035,0.4295497846021434,0.5475508123269832
318,319,0.2718147464363359,0.41257267082624804,0.3156125827374159
319,320,0.37613911019404994,0.3986352928270382,0.22522559697891195
320,321,0.4383439031809014,0.2702560845263351,0.29140001229276385
321,322,0.42633961632011724,0.2749496448596877,0.2987107388201942
322,323,0.45019740911107325,0.30744825460506336,0.24235433628386396
323,324,0.5149673069136618,0.10084600411303676,0.38418668897330155
324,325,0.45885551436511546,0.1362261655010826,0.4049183201338018
325,326,0.48330786246426205,0.5050186587747257,0.011673478761012232
326,327,0.4631969226722299,0.33800651949027666,0.19879655783749373
327,328,0.47612250870153267,0.4523796632995749,0.07149782799889239
328,329,0.4964585484854044,0.5013882059260213,0.0021532455885745583
329,330,0.499493824663766,0.017552527204497653,0.4829536481317369
330,331,0.4177291117356772,0.055588259320902965,0.5266826289434193
331,332,0.5074931363986058,0.4498414943976815,0.04266536920371222
332,333,0.5520137213101125,0.3734545308250139,0.07453174786487407
333,334,0.5034896434997419,0.4540850424518442,0.042425314048413945
334,335,0.519815922460417,0.3003820219055925,0.17980205563399054
335,336,0.5129010471102587,0.31276674199151944,0.17433221089822148
336,337,0.5206920112048196,0.24965949347073899,0.2296484953244415
337,338,0.002503092440848985,0.4996064668867279,0.4978904406724237
338,339,0.45976953421490563,0.26066567461737394,0.27956479116772015
339,340,0.47987947702776396,0.4949869675750523,0.02513355539718386
340,341,0.501757793778215,0.4891111211446326,0.009131085077152351
341,342,0.46281891920389806,0.3643867669497483,0.1727943138463538
342,343,0.4905220588404586,0.32625646659997365,0.1832214745595681
343,344,0.46956993910826306,0.3583246533597061,0.17210540753203024
344,345,0.4511984139841094,0.48297481944850923,0.06582676656738193
345,346,0.4346405277943483,0.4427304838042254,0.12262898840142637
346,347,0.46694898901096404,0.48255391250130864,0.050497098487727494
347,348,0.39658777325358074,0.48395401609082744,0.11945821065559126
348,349,0.4990802610279902,0.5008707405759869,4.899839602292999e-05
349,350,0.41810788856670267,0.2246062881471131,0.35728582328618447
350,351,0.38392699258008745,0.07408828445351988,0.541984722966393
351,352,0.5060833006090835,0.28202697016063,0.21188972923028687
352,353,0.4160866253660399,0.510895867229489,0.07301750740447134
353,354,9.488071044585113e-05,0.5012009359049651,0.49870418338458916
354,355,0.2968589494130307,0.43697270821529133,0.2661683423716781
355,356,0.35934419919195865,0.20257620314060312,0.4380795976674385
356,357,0.3448501050174069,0.1747897459353663,0.4803601490472262
357,358,0.27863746077042706,0.39758454316101033,0.3237779960685623
358,359,0.3172227846932693,0.16483945708977354,0.5179377582169572
359,360,0.516939162472467,0.010285164724571253,0.4727756728029618
360,361,0.3354060995618563,0.3862245700899403,0.27836933034820427
361,362,0.3097742649076141,0.3254613766754461,0.36476435841694016
362,363,0.3666065864028488,0.5199482493787548,0.11344516421839597
363,364,0.3896662099397913,0.182275579241069,0.428058210819139
364,365,0.44299100677361053,0.1734288706677344,0.3835801225586555
365,366,0.2967012312781664,0.28662750499894885,0.4166712637228851
366,367,0.5773622585976643,0.33641745600147116,0.08622028540086425
367,368,0.4429748540517925,0.00824913666682532,0.5487760092813825
368,369,0.45684745673645344,0.4986210031926572,0.04453154007088887
369,370,0.6159103185623598,0.2679791857883228,0.11611049564931715
370,371,0.39792286208822575,0.2639190091139743,0.3381581287978002
371,372,0.2453586194692225,0.3894635663822795,0.36517781414849776
372,373,0.16863749745206844,0.480893036562359,0.35046946598557244
373,374,0.3829624217340356,0.28258921483253957,0.33444836343342543
374,375,0.49978006075928866,0.23828104236752726,0.2619388968731844
375,376,0.4604482120088967,0.23850194569530797,0.30104984229579607
376,377,0.4838915437970522,0.4969137920528678,0.019194664150080035
377,378,0.36717622621685186,0.483377533281129,0.14944624050201863
378,379,0.364201203398016,0.39810821279778513,0.23769058380419886
379,380,0.5254535589424617,0.20441396781081247,0.2701324732467256
380,381,0.4970297273963251,0.3323216480035393,0.17064862460013613
381,382,0.4845735815072001,0.5095268690393128,0.0058995494534871485
382,383,0.5391576545280437,0.2918747491883585,0.1689675962835983
383,384,0.4910490211117011,0.34568938372182273,0.1632615951664755
384,385,0.49709445250464557,0.48269594226994633,0.020209605225407136
385,386,0.3830530108385334,0.1305002676130391,0.48644672154842755
386,387,0.4455088306730684,0.5397883458296422,0.014702823497289484
387,388,0.4845879931205402,0.4355999643091245,0.0798120425703351
388,389,0.500706388253556,0.04394598914429508,0.4553476226021488
389,390,0.4877826605788449,0.3996385893659298,0.112578750055225
390,391,0.5000502376250352,0.22893025267985612,0.27101950969510846
391,392,0.4986154364177791,0.4574763950817436,0.043908168500476706
392,393,0.5409116000443311,0.40352920326550523,0.05555919669016329
393,394,0.1984542117534849,0.45082199207005774,0.350723796176457
394,395,0.5561976229780697,0.054312177947224816,0.3894901990747053
395,396,0.5035448444144756,0.000510255030539151,0.4959449005549852
396,397,0.4500710909831295,0.21402380831538895,0.3359051007014817
397,398,0.4987516392702698,0.0018787510703425197,0.499369609659388
398,399,0.41149475896692905,0.3747134158255371,0.2137918252075335
399,400,0.4863957257962718,0.3987784209074922,0.11482585329623601
400,401,0.4946309296941801,0.48559222345166203,0.019776846854157464
401,402,0.39638640893252763,0.4358246477043855,0.16778894336308692
402,403,0.34616445255495265,0.37463615625379104,0.2791993911912561
403,404,0.5151562922436641,0.45618253983213003,0.028661167924205984
404,405,0.08108469483950488,0.5178715922132241,0.4010437129472713
405,406,0.20479473022315914,0.39101394851803717,0.40419132125880364
406,407,0.1669707377275045,0.40868898988755037,0.4243402723849449
407,408,0.27269839789376127,0.27775040123340955,0.44955120087283007
408,409,0.48410758157402317,0.3133127940136309,0.20257962441234575
409,410,0.3544855662856971,0.3247372675980219,0.3207771661162813
410,411,0.46477242133543045,0.3961303615550699,0.1390972171094996
411,412,0.4544803264988891,0.4052872387199129,0.14023243478119826
412,413,0.21057329306856093,0.645251434713728,0.14417527221771084
413,414,0.5013601020895959,0.16328094127350273,0.3353589566369011
414,415,0.3884639610466112,0.4767296829458242,0.13480635600756408
415,416,0.4432719600201594,0.4805345269798795,0.07619351299996059
416,417,0.5226245079962104,0.15845997155621616,0.3189155204475737
417,418,0.547447480526176,0.27341758209947276,0.17913493737435104
418,419,0.43232984743706965,0.41871315529943764,0.14895699726349246
419,420,0.4915356758001656,0.4583585697577107,0.05010575444212365
420,421,0.40290908069555453,0.4211086559419781,0.1759822633624675
421,422,0.1310065673416042,0.4381218862051214,0.43087154645327413
422,423,0.34326235582955456,0.5156530352760821,0.14108460889436367
423,424,0.456328587336839,0.16330929495922747,0.3803621177039331
424,425,0.24514379523679142,0.1743190735771385,0.5805371311860706
425,426,0.5267246689985164,0.07482792530138188,0.3984474057001017
426,427,0.5290038230400828,0.012607033398766516,0.45838914356115035
427,428,0.5418774337457493,0.06308769261864126,0.3950348736356097
428,429,0.35506388326432553,0.5466117242311449,0.09832439250452969
429,430,0.5421042437484214,0.039595245727366654,0.4183005105242119
430,431,0.4252549649272381,0.2895953486688997,0.2851496864038619
431,432,0.4965955156270474,0.11661853421247455,0.3867859501604782
432,433,0.49545226417290295,0.48860928750564886,0.015938448321448362
433,434,0.4615892229224453,0.44860680227893485,0.0898039747986204
434,435,0.3870977000101455,0.21692147198408565,0.3959808280057691
435,436,0.38087313715453736,0.22935812371754974,0.3897687391279129
436,437,0.5072062184839461,0.4327510324824832,0.0600427490335713
437,438,0.4650624937792888,0.2188538511144015,0.3160836551063091
438,439,0.49811460275018127,0.12427708634510297,0.377608310904716
439,440,0.4643376177257717,0.3611649810842745,0.1744974011899532
440,441,0.3612631499331531,0.12270130836415631,0.516035541702691
441,442,0.5038172874678136,0.0018886906721036804,0.4942940218600825
442,443,0.5708671641063101,0.3199923521692137,0.10914048372447645
443,444,0.5430604634483168,0.053903078057097195,0.40303645849458547
444,445,0.4135759955328251,0.49375879914509074,0.0926652053220842
445,446,0.5025280238684888,0.255357050921666,0.24211492520984523
446,447,0.4991776297795033,0.46800963290925784,0.032812737311238405
447,448,0.4070711243178128,0.4625588151045474,0.1303700605776399
448,449,0.5122565988324973,0.02432139433402983,0.46342200683347307
449,450,0.49851891240590335,0.0031550104332102465,0.49832607716088634
450,451,0.604691800959153,0.07059027142263258,0.3247179276182144
451,452,0.475662223620343,0.4881024075553703,0.03623536882428654
452,453,0.4652874155075973,0.4525911312495556,0.08212145324284702
453,454,0.480519222285561,0.15526431385582842,0.36421646385861095
454,455,0.4347223418304802,0.5168633036552335,0.04841435451428655
455,456,0.3469701211177583,0.31946479287512447,0.3335650860071167
456,457,0.4945902157789781,0.4554076082979986,0.050002175923022675
457,458,0.4263522095606779,0.22511975463664918,0.3485280358026728
458,459,0.46083762572641895,0.3522618804592508,0.1869004938143301
459,460,0.48544758843957675,0.08088234500276302,0.4336700665576604
460,461,0.4878758796246684,0.01108908166107469,0.5010350387142575
461,462,0.40334233161704,0.5395447416186528,0.057112926764307126
462,463,0.3002148827279119,0.4242476766425884,0.27553744062949953
463,464,0.05785475225620012,0.4682520109985814,0.47389323674521944
464,465,0.4612148135072447,0.21695490513024884,0.3218302813625063
465,466,0.29608286838401715,0.374262045816229,0.32965508579975333
466,467,0.012491264689820435,0.5051548750587531,0.4823538602514265
467,468,0.5183401457317183,0.29446058290183225,0.18719927136644968
468,469,0.5134473299745286,0.4774580634625826,0.009094606562888933
469,470,0.5065033191667265,0.07806371736639219,0.41543296346688097
470,471,0.44093363585486034,0.14426741814642427,0.41479894599871514
471,472,0.5480922451881568,0.20546222921820392,0.24644552559363944
472,473,0.43538517833258883,0.26555842553191933,0.2990563961354925
473,474,0.5176607598634173,0.000978700839739578,0.48136053929684314
474,475,0.4052458386897384,0.5010342439829482,0.09371991732731332
475,476,0.3963379944513821,0.53158863990452,0.0720733656440978
476,477,0.4228760262891653,0.5267783243153655,0.05034564939546898
477,478,0.03243980586132872,0.4352234216524525,0.5323367724862189
478,479,0.45124737956981104,0.06277782267623569,0.4859747977539532
479,480,0.001864564643203967,0.5255334385470385,0.4726019968097577
480,481,0.5833508545981264,0.27281492771429694,0.14383421768757682
481,482,0.2240358695244334,0.5064542260207456,0.2695099044548212
482,483,0.4763119869228673,0.0376189609353534,0.4860690521417793
483,484,0.3436115005729669,0.30711351010875415,0.3492749893182787
484,485,0.38996622881422577,0.46196731937651664,0.14806645180925726
485,486,0.2479384126700271,0.2584138655710689,0.49364772175890503
486,487,0.1564627872763847,0.3840398852760002,0.45949732744761496
487,488,0.6054945989521129,0.25778170602120193,0.13672369502668527
488,489,0.23234927525616472,0.4990418833995648,0.26860884134427115
489,490,0.3442159381552664,0.5494270202540745,0.10635704159065885
490,491,0.3447426951376901,0.5243616819332736,0.13089562292903692
491,492,0.3173548772228199,0.47370193982675834,0.20894318295042186
492,493,0.04109268313202159,0.4388781039594923,0.5200292129084866
493,494,0.20688159265473624,0.44759607124146866,0.3455223361037952
494,495,0.1253297586879735,0.4118807943931445,0.4627894469188818
495,496,0.006498919880279463,0.5103238264771633,0.48317725364255676
496,497,0.4865538570508456,0.49780626802291966,0.015639874926235215
497,498,0.4796354993099701,0.4758965430964813,0.04446795759354885
498,499,0.4271777858057405,0.47129939309551616,0.10152282109874326
499,500,0.3296138513721043,0.3874111622456347,0.2829749863822614
500,501,0.5039398709059654,0.4942993116238045,0.0017608174702297699
501,502,0.4757935544754742,0.4957497206803863,0.028456724844139084
502,503,0.20307431846792215,0.5152953892840804,0.2816302922479971
503,504,0.3665830796663185,0.27298116847906106,0.3604357518546212
504,505,0.23211138456856548,0.26827816407476324,0.4996104513566714
505,506,0.46912668271865965,0.406408119041486,0.12446519823985425
506,507,0.5461040059403086,0.39624848264223067,0.05764751141746062
507,508,0.48893366986750997,0.0013843375558259623,0.5096819925766639
508,509,0.513764438148376,0.4819419246140695,0.004293637237554038
509,510,0.46644990567769967,0.5200173344928133,0.013532759829487666
510,511,0.45657168465431397,0.4979369184319397,0.04549139691374753
511,512,0.49601025100430823,0.48083138262777225,0.023158366367919243
512,513,0.47795312264259104,0.3378514909589125,0.1841953863984959
513,514,0.4187621467206571,0.35631247566902313,0.22492537761031964
514,515,0.4447109457680481,0.4594053545939491,0.09588369963800289
515,516,0.45819882847486587,0.4540685005862425,0.08773267093889175
516,517,0.4465288360207294,0.521316615328792,0.03215454865047895
517,518,0.4158448807093714,0.02026620039087259,0.563888918899756
518,519,0.4198555746221731,0.45474955866433353,0.12539486671349304
519,520,0.5056464410551846,0.46263484907651564,0.031718709868299715
520,521,0.46284491826631213,0.07423745469794993,0.46291762703573763
521,522,0.46137532623460786,0.4778063059358381,0.06081836782955375
522,523,0.4988036017946218,0.4965418031112729,0.004654595094105625
523,524,0.46844458456050647,0.444654708521933,0.08690070691756002
524,525,0.5216156866778789,0.2852155246941218,0.19316878862799933
525,526,0.5184490340038249,0.4623130169255417,0.0192379490706335
526,527,0.4891592453189054,0.35966349833719236,0.15117725634390222
527,528,0.4820736075755289,0.43752305246153556,0.08040333996293544
528,529,0.49784918023416497,0.5007845916244253,0.0013662281414100138
529,530,0.4519542298238242,0.44183807325846114,0.10620769691771509
530,531,0.43500909083755684,0.48102674545710283,0.08396416370534082
531,532,0.4947500025310856,0.4870575773016264,0.018192420167287688
532,533,0.049595540868867465,0.4583650289937602,0.4920394301373723
533,534,0.41262216226315374,0.2582963862692354,0.32908145146761114
534,535,0.5139546094373365,0.479105474084794,0.006939916477869649
535,536,0.4967564418477667,0.5021141064239598,0.0011294517282733978
536,537,0.30319068061622445,0.630533160711283,0.06627615867249279
537,538,0.49240509466800747,0.4836597594302741,0.023935145901718666
538,539,0.49994809961092573,0.4999572187698418,9.46816192322187e-05
539,540,0.4988514877659653,0.5010910864582305,5.742577580471472e-05
540,541,0.3923555932133781,0.3622738577066397,0.24537054907998185
541,542,0.500377351404964,0.43599544051484035,0.06362720808019505
542,543,0.48756095201697364,0.5044861790607734,0.007952868922253104
543,544,0.48849712903513204,0.47516999855406516,0.03633287241080315
544,545,0.5060445597204789,0.0023645698017929575,0.4915908704777284
545,546,0.4912928612780992,0.4084495159842621,0.1002576227376385
546,547,0.5042481021155845,0.45359438201211755,0.04215751587229816
547,548,0.3944714731448352,0.35489152210655983,0.25063700474860456
548,549,0.5076723641727829,0.2214979460044481,0.2708296898227691
549,550,0.5175292695833941,0.10317056042726024,0.3793001699893457
550,551,0.49104951697468435,0.48647171256256405,0.022478770462751322
551,552,0.5112560517205561,0.46952097145385946,0.01922297682558499
552,553,0.46682065879193074,0.5217971242509163,0.011382216957153017
553,554,0.326822145565683,0.08414988644884061,0.5890279679854766
554,555,0.3011130702109055,0.4011334114387273,0.29775351835036673
555,556,0.14579704633689627,0.39183135755246207,0.46237159611064166
556,557,0.26081179527678694,0.34110341103450403,0.3980847936887088
557,558,0.4867204191350128,0.48874167773942157,0.024537903125565096
558,559,0.3222986537099702,0.40229973951317566,0.27540160677685344
559,560,0.31466239342326147,0.38750211825419156,0.29783548832254736
560,561,0.4630748229364347,0.27329692367570396,0.26362825338786106
561,562,0.23588472926408285,0.21395605635953638,0.5501592143763803
