,Window_Index,Loading_Temperature_Prop,Loading_force_Prop,Loading_Voltage_Prop
0,1,0.2989117619460913,0.31857748769965094,0.3825107503542578
1,2,0.4924331639841744,0.4805956019834429,0.026971234032382323
2,3,0.4941727868439331,0.4924098187430485,0.01341739441301812
3,4,0.41078155807993155,0.38981978265041634,0.19939865926965275
4,5,0.40784462271300553,0.4215170647339946,0.1706383125529996
5,6,0.32651511469044436,0.4053869297698521,0.2680979555397036
6,7,0.4533564336320288,0.5207213161813609,0.025922250186610138
7,8,0.4458460661785912,0.4770544089854026,0.07709952483600611
8,9,0.49600133466505386,0.48380953053606274,0.02018913479888337
9,10,0.5186925133217261,0.47618382610301596,0.005123660575258192
10,11,0.4904242947615751,0.5063698438677894,0.0032058613706355717
11,12,0.4754954823297045,0.4977230435703183,0.026781474099977134
12,13,0.34870294222004977,0.349327233778661,0.30196982400128897
13,14,0.49854667473429093,0.4923930062627106,0.009060319002998455
14,15,0.44800853425355125,0.4668569703882316,0.08513449535821681
15,16,0.4736446182792213,0.5021361039017163,0.02421927781906228
16,17,0.47400826292831816,0.4980657503713442,0.027925986700338107
17,18,0.4421967832644381,0.4710611787298405,0.08674203800572226
18,19,0.3931057585324102,0.43556287816062506,0.17133136330696525
19,20,0.48070082860269303,0.49558085755036707,0.02371831384694015
20,21,0.12353135602045284,0.5299102218656238,0.34655842211392374
21,22,0.46055406689705525,0.4162151965230512,0.12323073657989357
22,23,0.47474702524924256,0.5092401949663186,0.016012779784439348
23,24,0.3984816348048198,0.4698009522464732,0.13171741294870684
24,25,0.4941668566310977,0.49587133456143473,0.0099618088074674
25,26,0.45443185948150155,0.48095250812497325,0.06461563239352523
26,27,0.4969944088184451,0.501516029538896,0.001489561642659042
27,28,0.4914196008958774,0.492959827386868,0.01562057171725475
28,29,0.45308312737242107,0.457640731797075,0.08927614083050428
29,30,0.4658477947501577,0.36558723655730685,0.16856496869253607
30,31,0.560778248536229,0.17890647010773839,0.2603152813560325
31,32,0.4178361843733924,0.3266460723480442,0.255517743278564
32,33,0.5479089064205941,0.28304299817952205,0.169048095399884
33,34,0.5331108863454765,0.2762868747957912,0.190602238858732
34,35,0.5110216777904188,0.4784830157142841,0.010495306495297238
35,36,0.5698128102491667,0.37838112204991375,0.051806067700919674
36,37,0.49636711312108367,0.4831280250673264,0.020504861811589538
37,38,0.442536718400761,0.4952151334022635,0.06224814819697504
38,39,0.09993712914285138,0.390435713057053,0.5096271578000962
39,40,0.17128955588382938,0.357030189431849,0.4716802546843208
40,41,0.2154332794241757,0.42270691571471797,0.36185980486110597
41,42,0.48322127234718754,0.5086002064674916,0.008178521185320928
42,43,0.4870152921693382,0.4473844806023919,0.06560022722826978
43,44,0.4095610301228761,0.49055812847022506,0.09988084140689897
44,45,0.4901611937229727,0.4836269640215015,0.026211842255526495
45,46,0.3780042679080264,0.4171611566191226,0.20483457547285083
46,47,0.30753912543634715,0.3382339221004695,0.3542269524631831
47,48,0.31908467015098385,0.34234393991810724,0.33857138993090957
48,49,0.3026617545433718,0.34253232875466527,0.354805916701963
49,50,0.270396763745807,0.335318615592981,0.39428462066121256
50,51,0.46533202767624654,0.09965808965319077,0.4350098826705624
51,52,0.45447603839112477,0.08629539127084915,0.45922857033802655
52,53,0.4826693080802521,0.04668559361515237,0.4706450983045956
53,54,0.44762428479244964,0.13002003570284792,0.4223556795047027
54,55,0.4291838104248988,0.12986037028293956,0.44095581929216143
55,56,0.41331982733717404,0.17052843101374499,0.4161517416490804
56,57,0.43158398473539744,0.1391036325709945,0.4293123826936082
57,58,0.4639108926280891,0.06957171741551281,0.4665173899563983
58,59,0.45908489319345036,0.4834778881107788,0.057437218695770176
59,60,0.3900624892208525,0.18511260099942986,0.4248249097797175
60,61,0.4078996091788346,0.18014836533912962,0.41195202548203597
61,62,0.4627451729775686,0.0703969446424993,0.46685788237993264
62,63,0.48703043712515454,0.021267470861174777,0.4917020920136707
63,64,0.3633503111821717,0.257971435416514,0.37867825340131456
64,65,0.3556183925444557,0.2811931593032666,0.36318844815227824
65,66,0.268256758260212,0.3604467838437993,0.37129645789598875
66,67,0.2963829482106684,0.39827100929672943,0.3053460424926019
67,68,0.49033750315112967,0.5063903158869584,0.0032721809619117334
68,69,0.32408489523331147,0.45136558222483425,0.224549522541854
69,70,0.40226140975242874,0.1863482313878619,0.41139035885970937
70,71,0.4089579563521902,0.18071117941403977,0.41033086423376985
71,72,0.08950585652416516,0.431646753632656,0.4788473898431782
72,73,0.41503705732045365,0.37226111093531994,0.21270183174422708
73,74,0.46602822719672365,0.4830456067294946,0.05092616607378091
74,75,0.1590009377235477,0.4011289227260919,0.4398701395503604
75,76,0.04883994594318751,0.46088856590324256,0.49027148815356936
76,77,0.3198385029129463,0.280549572560793,0.3996119245262607
77,78,0.38048011087487815,0.2290018719634302,0.3905180171616915
78,79,0.369194642803642,0.24984339016649815,0.3809619670298595
79,80,0.35272627181435595,0.28135641128666145,0.36591731689898266
80,81,0.3488662393531556,0.28327450572549223,0.3678592549213523
81,82,0.32848955337440844,0.31423959198788026,0.35727085463771113
82,83,0.33522111227207113,0.3130702376321202,0.35170865009580815
83,84,0.3787147711936151,0.2446682389688338,0.3766169898375511
84,85,0.3635384585840468,0.26738242176398874,0.3690791196519646
85,86,0.35926459863359794,0.2752952146479614,0.3654401867184403
86,87,0.38053657853294187,0.23102100591407537,0.38844241555298276
87,88,0.4627534470850446,0.07338806087583477,0.4638584920391207
88,89,0.4903974149045729,0.01636562485015793,0.4932369602452695
89,90,0.47809730503960185,0.04784283818526886,0.47405985677512913
90,91,0.43185379565178933,0.13710629574679928,0.43103990860141167
91,92,0.43957535574451595,0.11926757421143444,0.44115707004405
92,93,0.47896035311493057,0.04254934244894124,0.47849030443612767
93,94,0.4570100120721096,0.08454807527064791,0.45844191265724193
94,95,0.48886485024837395,0.022420604986428866,0.4887145447651973
95,96,0.4953657826825594,0.010211954949371778,0.4944222623680689
96,97,0.49644525902281933,0.009591773500554946,0.4939629674766257
97,98,0.4747836257443249,0.062049013956041815,0.46316736029963435
98,99,0.42370932027980523,0.16714992305490803,0.40914075666528704
99,100,0.4669173968064598,0.06912917681100245,0.46395342638253795
100,101,0.41732679531295136,0.16964360205477375,0.41302960263227523
101,102,0.39242735958333574,0.2068895263181878,0.4006831140984769
102,103,0.3949778627454934,0.21441516598184654,0.39060697127266036
103,104,0.4046567128126284,0.1919300630742412,0.40341322411313046
104,105,0.3672276786086198,0.2751395720154821,0.3576327493758983
105,106,0.3889509410458893,0.22652932181979285,0.3845197371343177
106,107,0.3820791386392377,0.23894347697127863,0.3789773843894837
107,108,0.3871012244601336,0.226816172237686,0.3860826033021804
108,109,0.3799265745290392,0.24335533455398886,0.3767180909169716
109,110,0.3819860659821221,0.24149070602547446,0.37652322799240384
110,111,0.4226222426024382,0.16714317410693674,0.410234583290625
111,112,0.47235370022249046,0.055749487733677154,0.47189681204383227
112,113,0.4043049318563971,0.20065022182958128,0.39504484631402176
113,114,0.4658964650178146,0.10839424578445031,0.42570928919773526
114,115,0.44290202286375197,0.18237004571603302,0.3747279314202151
115,116,0.45190870970794655,0.18541335553580776,0.36267793475624605
116,117,0.4084731176138152,0.2638093382151282,0.3277175441710563
117,118,0.4434022008496397,0.12420930317291455,0.4323884959774457
118,119,0.5003154441897467,0.0012932515675686518,0.4983913042426851
119,120,0.41970125782554407,0.15078812612366402,0.4295106160507925
120,121,0.4455531569705702,0.10214460382509262,0.4523022392043377
121,122,0.47453673197291324,0.0554856729681191,0.4699775950589674
122,123,0.4610737170356307,0.11371749875367688,0.42520878421069225
123,124,0.4623865485692739,0.1844202006317378,0.3531932507989876
124,125,0.4943453057108884,0.02388834487919458,0.481766349409917
125,126,0.4866288121205016,0.0288216573546363,0.48454953052486127
126,127,0.498580579182715,0.0020963170656902383,0.4993231037515945
127,128,0.4206021468730296,0.18592455053895285,0.3934733025880177
128,129,0.3618488825379289,0.13724415379160496,0.5009069636704665
129,130,0.09125432028424799,0.4784903621467385,0.43025531756901386
130,131,0.4324049644838096,0.13028505037520718,0.4373099851409834
131,132,0.42029553896199234,0.18732075336438153,0.39238370767362635
132,133,0.4061434662981164,0.2121571659450584,0.3816993677568256
133,134,0.4416707612908358,0.12117980833023452,0.4371494303789291
134,135,0.4543822408072442,0.10202984845212267,0.44358791074063353
135,136,0.42042152985108633,0.1848002076976904,0.3947782624512233
136,137,0.43716911396121516,0.1886282365183748,0.37420264952041055
137,138,0.4766990090669867,0.5022701219542782,0.021030868978734806
138,139,0.4894452468691904,0.008025390699929311,0.5025293624308801
139,140,0.46999946681425697,0.0496761167835794,0.48032441640216356
140,141,0.42858265815272095,0.22583579933866882,0.34558154250861106
141,142,0.3972179632124415,0.4081157630735895,0.19466627371396897
142,143,0.35488637085579694,0.3513781790768772,0.29373545006732643
143,144,0.33229959054479313,0.300070300133824,0.36763010932138307
144,145,0.30831068962417163,0.11405463096419753,0.5776346794116312
145,146,0.49796367476274145,0.006677970148613423,0.49535835508864495
146,147,0.49894076544952815,0.00022814561541645563,0.5008310889350557
147,148,0.3759667225513597,0.12888678246165175,0.4951464949869887
148,149,0.39713527745002186,0.22578211191335762,0.377082610636621
149,150,0.5034871705426525,0.004403440144082424,0.49210938931326514
150,151,0.4575621303011499,0.26915831900868603,0.2732795506901635
151,152,0.47632036508903525,0.2526857326095261,0.2709939023014384
152,153,0.479716244131004,0.18826412362952585,0.3320196322394701
153,154,0.4636770339259397,0.34017057919526245,0.19615238687879744
154,155,0.43020212318636486,0.2948601673404163,0.27493770947321844
155,156,0.4045926433671034,0.27909194305477675,0.31631541357812026
156,157,0.42300686905650914,0.3148021916927977,0.26219093925069287
157,158,0.43059617400550304,0.47320531773585156,0.09619850825864491
158,159,0.44352195286901025,0.401623077091186,0.1548549700398037
159,160,0.5196831907797057,0.4773877928013743,0.0029290164189200558
160,161,0.5143812217270475,0.023908951184424383,0.46170982708852837
161,162,0.5011413606818715,0.006709281842828319,0.49214935747530036
162,163,0.48784505548066875,0.16506538315770544,0.34708956136162583
163,164,0.4429311041896885,0.10820664405334848,0.44886225175696287
164,165,0.5083766581473448,0.18566689624341234,0.30595644560924273
165,166,0.5118115635908451,0.4852096450267091,0.0029787913824453074
166,167,0.06798556670301094,0.45922762350438084,0.47278680979260845
167,168,0.5053148176428089,0.0017345444708533981,0.4929506378863377
168,169,0.46625258259085184,0.14003634856311206,0.393711068846036
169,170,0.4823779775901604,0.11599547807491506,0.401626544334925
170,171,0.5248387761013406,0.32944846838102565,0.14571275551763344
171,172,0.48750547661246385,0.061581121487068825,0.4509134019004671
172,173,0.4873469028409033,0.05718027572940771,0.45547282142968915
173,174,0.4652928928343043,0.11670673039123271,0.41800037677446344
174,175,0.5011102983560531,0.41308908767957003,0.08580061396437662
175,176,0.512331055821329,0.017639159315481445,0.4700297848631896
176,177,0.49331498135042917,0.04044020264345773,0.4662448160061128
177,178,0.4958052666898054,0.0439807077653009,0.4602140255448935
178,179,0.49995339662218125,2.571992341487052e-05,0.5000208834544041
179,180,0.4711168161201447,0.02084413295559144,0.5080390509242629
180,181,0.398891174114362,0.38065975746575986,0.22044906841987819
181,182,0.2804549444289101,0.39477688304863323,0.3247681725224569
182,183,0.17126587364560528,0.48772331137030783,0.3410108149840859
183,184,0.42283078610023545,0.04606494211657763,0.5311042717831871
184,185,0.5044976339351319,0.2818331350727276,0.21366923099214052
185,186,0.478631648660496,0.17703826447145346,0.3443300868680502
186,187,0.06287001689660084,0.4016188630607066,0.5355111200426922
187,188,0.43866019075559387,0.3731066273018094,0.18823318194259694
188,189,0.47563685832444597,0.5031434334615121,0.021219708214041903
189,190,0.3949212253284836,0.4006940971175782,0.20438467755393822
190,191,0.4949500404506034,0.48808469271831073,0.016965266831085724
191,192,0.4240051965806865,0.47285105332615673,0.1031437500931568
192,193,0.5391152819739317,0.4408533645253734,0.020031353500695757
193,194,0.4987750768749542,0.5011953756740213,2.9547451025110712e-05
194,195,0.5742599610014011,0.11900395741057732,0.3067360815880216
195,196,0.33446657897137927,0.38243916188253446,0.2830942591460862
196,197,0.34163465132718396,0.24963280147074868,0.4087325472020672
197,198,0.22468729621345218,0.33191662404123046,0.44339607974531703
198,199,0.34994884068319776,0.48350328464483966,0.16654787467196228
199,200,0.5130678119361292,0.008444230481107125,0.4784879575827637
200,201,0.5122057006010838,0.012886073217475038,0.474908226181441
201,202,0.4981176164060373,0.4118809517026298,0.09000143189133322
202,203,0.46833964050083976,0.2745817226179472,0.2570786368812131
203,204,0.2972201933936366,0.36763772906250014,0.33514207754386255
204,205,0.420574297021467,0.24091596082027636,0.3385097421582566
205,206,0.45784254401471447,0.511511223892458,0.030646232092827342
206,207,0.29951068029215666,0.4022504298756599,0.29823888983218333
207,208,0.24792890132596876,0.3005070158704525,0.45156408280357974
208,209,0.5118389955080167,0.20789644881615998,0.2802645556758232
209,210,0.4787056707474407,0.38617376681978366,0.1351205624327756
210,211,0.5045841051753688,0.17937563528712616,0.316040259537505
211,212,0.523290585980327,0.14853167237703593,0.3281777416426369
212,213,0.519084855311927,0.0608709307814531,0.42004421390661967
213,214,0.07216819832736404,0.41975608779551415,0.5080757138771216
214,215,0.45047604683921405,0.02022607321836577,0.5292978799424198
215,216,0.4570927710039794,0.26352122112192844,0.27938600787409235
216,217,0.4835660315677307,0.4576020268881974,0.05883194154407211
217,218,0.4714606121405984,0.4638812701045318,0.06465811775486918
218,219,0.04204222116689315,0.5275380817892164,0.43041969704389055
219,220,0.4580847533631573,0.20943204821811315,0.33248319841872953
220,221,0.4011684921715806,0.40485246215482207,0.19397904567359683
221,222,0.5220448185697486,0.4672852819765032,0.010669899453747987
222,223,0.4674615742834212,0.24357706392953712,0.2889613617870416
223,224,0.4846351649827438,0.3134393899150792,0.20192544510217736
224,225,0.503482843894955,0.03679618057360855,0.4597209755314361
225,226,0.3797558846664391,0.3276006858220759,0.29264342951148475
226,227,0.4839413677732445,0.45071609173584837,0.06534254049090729
227,228,0.46979746622622903,0.5043021299922036,0.02590040378156726
228,229,0.015969305833975454,0.4113223659823628,0.5727083281836618
229,230,0.3172929004533981,0.5399716935301785,0.14273540601642323
230,231,0.05767757091358784,0.4326816331369859,0.5096407959494258
231,232,0.03605718732932928,0.4350957906472707,0.5288470220234002
232,233,0.09399472417232774,0.3795195035611669,0.5264857722665053
233,234,0.4630178644196942,0.22537510209189276,0.31160703348841345
234,235,0.5324540536534673,0.05505925678030153,0.41248668956623147
235,236,0.21610308663135716,0.4154357039879143,0.3684612093807292
236,237,0.44434441625921184,0.4312243465750189,0.12443123716576943
237,238,0.4801657738496551,0.02565797808615194,0.494176248064193
238,239,0.4305759047281595,0.3402163393735891,0.22920775589825162
239,240,0.3673288525764664,0.22816617351446689,0.40450497390906665
240,241,0.12899730109709567,0.26606043249831945,0.6049422664045849
241,242,0.5938131358550983,0.10508320391730404,0.3011036602275977
242,243,0.4922245247093228,0.21117920655854452,0.2965962687321325
243,244,0.4928457325938834,0.035281524388253875,0.471872743017862
244,245,0.45600925334560694,0.30797848347361517,0.2360122631807779
245,246,0.41897019631423094,0.30924497250961663,0.2717848311761527
246,247,0.4401468161743473,0.35310939705999306,0.20674378676566013
247,248,0.5057989597566601,0.49303626901739595,0.0011647712259436733
248,249,0.5008985239152142,0.49621199589010007,0.002889480194685727
249,250,0.47486611143200663,0.3073341644074164,0.21779972416057683
250,251,0.497195031729205,0.46365189073485386,0.03915307753594082
251,252,0.5452796882502186,0.15224578963930782,0.30247452211047354
252,253,0.5143894266096309,0.3433287711756794,0.14228180221468995
253,254,0.449738212977531,0.14189920518149546,0.40836258184097357
254,255,0.49687308872390556,0.48738308718828877,0.015743824087805773
255,256,0.18545609938361268,0.46412761001201874,0.3504162906043691
256,257,0.464421628614966,0.03133890002008422,0.5042394713649498
257,258,0.5866028506190343,0.12913255141252378,0.28426459796844183
258,259,0.3165705692750017,0.24964546808466617,0.43378396264033225
259,260,0.4256754014365492,0.5373728882254903,0.03695171033796033
260,261,0.492645385615294,0.16825000271580626,0.33910461166889966
261,262,0.3362182825946646,0.6059350084322783,0.057846708973057076
262,263,0.5004412178948203,0.4995443705527608,1.4411552419025037e-05
263,264,0.506522213754802,0.2268694254008863,0.266608360844312
264,265,0.5007305490285574,0.4536320148700293,0.045637436101413166
265,266,0.4659979503986017,0.20156222495116702,0.3324398246502315
266,267,0.5001610234886937,0.16029194220243653,0.3395470343088694
267,268,0.297376851872941,0.4929853640668957,0.2096377840601639
268,269,0.43874594348113133,0.45675178035105823,0.10450227616781026
269,270,0.4328668202593247,0.3197285388241558,0.24740464091651948
270,271,0.5053727042795311,0.0019183466703804313,0.4927089490500885
271,272,0.4630583661023792,0.2549271785067643,0.2820144553908567
272,273,0.4285816096856732,0.28322060954042205,0.28819778077390457
273,274,0.4460094870340151,0.09090621583030323,0.46308429713568217
274,275,0.4444242183019122,0.4944154706822706,0.06116031101581772
275,276,0.4386187938396075,0.402618031878649,0.15876317428174402
276,277,0.40994218523277215,0.34507516296007185,0.24498265180715612
277,278,0.48393100999549166,0.48784815738842385,0.028220832616084796
278,279,0.4548234865634971,0.319340355071497,0.225836158365006
279,280,0.47627000144301135,0.4979576185624264,0.025772379994561945
280,281,0.3773388438032863,0.4154091004733702,0.2072520557233435
281,282,0.18821082414560047,0.40535733539118185,0.40643184046321773
282,283,0.39964578403759093,0.16120951138955866,0.4391447045728502
283,284,0.4016325824160313,0.5212323634227127,0.07713505416125534
284,285,0.441071490030006,0.3862631044323167,0.17266540553767756
285,286,0.5746900980973417,0.3692424878773565,0.05606741402530167
286,287,0.32840244782109385,0.12437221933277387,0.5472253328461323
287,288,0.5125894659319362,0.008860229126448724,0.4785503049416147
288,289,0.5036536409837611,0.49517261990289624,0.0011737391133428293
289,290,0.4090460016559012,0.3240293498305429,0.2669246485135555
290,291,0.3829384202705688,0.23556048103423732,0.38150109869519405
291,292,0.5186383542222992,0.45825652781734794,0.023105117960352764
292,293,0.41479401013843586,0.43558145382267993,0.14962453603888448
293,294,0.37934949517871547,0.2906109517809724,0.33003955304031124
294,295,0.10082717727237052,0.46976008816914677,0.42941273455848283
295,296,0.41509761690160996,0.4270212607383636,0.1578811223600261
296,297,0.38892259177057587,0.48954387515842734,0.12153353307099711
297,298,0.22256450733212654,0.19483789770993945,0.5825975949579343
298,299,0.41921775188474664,0.12709733142789278,0.453684916687361
299,300,0.4395392388493672,0.29537462314469276,0.2650861380059401
300,301,0.45007176284480394,0.47917791662272213,0.07075032053247433
301,302,0.4335869902287682,0.30542955456648524,0.2609834552047467
302,303,0.46276504643311633,0.30676099895950176,0.23047395460738185
303,304,0.4513518965007277,0.3904902518606618,0.15815785163861043
304,305,0.45991566628162983,0.1493862561076747,0.3906980776106955
305,306,0.5015979258204557,0.002254218588987939,0.4961478555905563
306,307,0.5138724393905998,0.14428012060353107,0.3418474400058695
307,308,0.4963776648546389,0.49169129925750094,0.011931035887859825
308,309,0.5090209255719035,0.37254953943570374,0.11842953499239327
309,310,0.010032623786562306,0.517185789537424,0.4727815866760134
310,311,0.42773037189580726,0.4453563096443964,0.12691331845979614
311,312,0.33908723669450647,0.43392436822644614,0.22698839507904708
312,313,0.3728598697944557,0.36976509135106567,0.2573750388544782
313,314,0.48894431209836453,0.3784659748797468,0.1325897130218885
314,315,0.4868693957877018,0.3241943733710885,0.1889362308412094
315,316,0.4638360371696457,0.3650558870453665,0.17110807578498816
316,317,0.46935625649164725,0.3034601689459055,0.22718357456244756
317,318,0.503004760995065,0.4645046346280544,0.03249060437688049
318,319,0.494320166224077,0.4507044258567935,0.054975407919129075
319,320,0.46904928259749157,0.4174475283528453,0.11350318904966286
320,321,0.4802381837035963,0.5115817921766148,0.008180024119789018
321,322,0.415845099848094,0.4415941914042771,0.14256070874762886
322,323,0.5078286340078023,0.36746909425995467,0.12470227173224291
323,324,0.4999727191251152,0.4384219351576074,0.06160534571727721
324,325,0.5064083276782352,0.009915322100421255,0.4836763502213437
325,326,0.4179143129541554,0.4264433859741385,0.15564230107170604
326,327,0.4932831699382887,0.004044526674052041,0.502672303387659
327,328,0.47328289469588714,0.40131040881832014,0.12540669648579222
328,329,0.4579777506516611,0.20413396790295926,0.33788828144537914
329,330,0.35918710846505786,0.48914081608859455,0.15167207544634817
330,331,0.45284206348071654,0.2142183185743824,0.3329396179449006
331,332,0.4453020163149154,0.2571199323243873,0.29757805136069715
332,333,0.38438462223701575,0.136522905704889,0.47909247205809524
333,334,0.4991196853781141,0.5008472403334264,3.307428845988519e-05
334,335,0.4722936205940788,0.017080907271705685,0.5106254721342158
335,336,0.5080128359901613,0.022002573949397947,0.4699845900604407
336,337,0.4510803899001607,0.12028045510089032,0.4286391549989491
337,338,0.467861901703934,0.019224841587445307,0.5129132567086209
338,339,0.4455782529102858,0.1642384766473322,0.3901832704423814
339,340,0.4087444196129555,0.18645095317720842,0.404804627209836
340,341,0.4027270202633222,0.3845869910036688,0.2126859887330085
341,342,0.00335565664084681,0.5191235561511631,0.47752078720798946
342,343,0.46091889304903827,0.49956461216099185,0.03951649478996941
343,344,0.22329423820581143,0.30411277117299135,0.47259299062119753
344,345,0.1320690413147605,0.5137293755212732,0.35420158316396655
345,346,0.12729210796381882,0.5643724587673863,0.30833543326879526
346,347,0.12271636067433175,0.44561537668896484,0.43166826263670305
347,348,0.4625319233637544,0.09370714390736391,0.4437609327288818
348,349,0.46495402328268454,0.529552618356456,0.005493358360859588
349,350,0.3535824551266367,0.14851910335701107,0.4978984415163519
350,351,0.1888181202581358,0.3922775786470901,0.4189043010947738
351,352,0.37051238595128133,0.21445370713179462,0.41503390691692393
352,353,0.5093520052037532,0.02773174320243709,0.4629162515938096
353,354,0.4932474551421315,0.3751133048982481,0.13163923995962018
354,355,0.49765354661183436,0.5012660884009239,0.0010803649872419446
355,356,0.48805666717178636,0.4940072875064985,0.017936045321715187
356,357,0.5023157704490303,0.422160396078738,0.0755238334722319
357,358,0.41512267691427585,0.4628707579486735,0.12200656513705033
358,359,0.46211132515686865,0.02768129070061335,0.5102073841425181
359,360,0.10981675015724796,0.39852161591664537,0.4916616339261066
360,361,0.2993068825134232,0.38715866024211393,0.31353445724446266
361,362,0.35612189414457346,0.4291048913232797,0.21477321453214673
362,363,0.39939253192501467,0.38210016850489364,0.21850729957009132
363,364,0.4885029437523292,0.4436255550660809,0.06787150118158956
364,365,0.5103170182965825,0.1387421202720447,0.350940861431373
365,366,0.5379362572022911,0.27298280806310654,0.18908093473460216
366,367,0.4451681179784702,0.4358301758943524,0.11900170612717766
367,368,0.4872533145255611,0.34412192997268637,0.16862475550175288
368,369,0.49144066536106323,0.03723861638639189,0.4713207182525444
369,370,0.5337264269048844,0.44533751777540986,0.020936055319706725
370,371,0.5046474268643798,0.48892526774550427,0.006427305390116511
371,372,0.4627061242845189,0.5011077684522874,0.03618610726319363
372,373,0.047938254598810015,0.5152408350525984,0.4368209103485918
373,374,0.5007928384058999,0.473866139421091,0.025341022173009063
374,375,0.3350053139469608,0.496218133581325,0.1687765524717139
375,376,0.40843230035153016,0.5558133945292064,0.03575430511926383
376,377,0.58808786811716,0.32349985288256194,0.08841227900027789
377,378,0.3802848185769913,0.3709736899536518,0.24874149146935579
378,379,0.35851910386715397,0.5358201360655427,0.10566076006730304
379,380,0.38950749273648705,0.4128788135444205,0.19761369371909288
380,381,0.3793126131119578,0.1769938136680598,0.44369357321998243
381,382,0.467584457616098,0.2933058137946245,0.23910972858927695
382,383,0.4649395396020454,0.24174977940411352,0.29331068099384056
383,384,0.4401280534310329,0.18049914477304155,0.37937280179592586
384,385,0.46011773940218487,0.08897062984577264,0.4509116307520424
385,386,0.492510169314278,0.32005574751721405,0.18743408316850857
386,387,0.5461002490705518,0.2569017284593394,0.19699802247010884
387,388,0.38935891745864426,0.2849873951992274,0.3256536873421285
388,389,0.30955878638190865,0.46502440516454335,0.22541680845354853
389,390,0.509370404209507,0.007703489805699374,0.4829261059847937
390,391,0.3757424313655412,0.37348923528025857,0.2507683333542
391,392,0.32593894020460007,0.2594291136380441,0.41463194615735605
392,393,0.4906142038821466,0.27940017482777946,0.22998562129007433
393,394,0.4521072741808616,0.23344774600107215,0.31444497981806635
394,395,0.3856016214586021,0.09924954582692726,0.5151488327144712
395,396,0.08477224312198516,0.42565622825806765,0.48957152861994674
396,397,0.12479561178300048,0.3394692682837265,0.5357351199332734
397,398,0.41484204128999164,0.3347969443879438,0.2503610143220645
398,399,0.5099734944941997,0.43412847694497203,0.055898028560828414
399,400,0.49360548894657186,0.5054235092125459,0.0009710018408822104
400,401,0.10509104322270885,0.4963641222615281,0.3985448345157626
401,402,0.489073724945357,0.0017933743046206511,0.5091329007500227
402,403,0.32360254477799855,0.13047194243315394,0.5459255127888478
403,404,0.3784855755464914,0.2696827489655995,0.35183167548790895
404,405,0.43415974241299315,0.24458972997151668,0.3212505276154902
405,406,0.36939585344286646,0.38710743507924095,0.2434967114778922
406,407,0.3733213952250104,0.3856213821146944,0.24105722266029656
407,408,0.0010732047742514968,0.502907694874069,0.49601910035167934
408,409,0.447408597555744,0.4641399350196482,0.0884514674246079
409,410,0.5290828863295736,0.22835417399507604,0.24256293967535014
410,411,0.4950147774872076,0.0439122004367223,0.46107302207607026
411,412,0.48070535278657217,0.11621938639016896,0.40307526082325856
412,413,0.49998129052285795,5.993984774037988e-05,0.4999587696294018
413,414,0.4994653452558453,5.307524740716831e-05,0.5004815794967475
414,415,0.5095101405591933,0.01197197676701832,0.4785178826737882
415,416,0.49874959963771476,0.001887034635338652,0.4993633657269468
416,417,0.43382848689364756,0.35761398205252853,0.20855753105382416
417,418,0.4056837193747233,0.37393970181295344,0.22037657881232414
418,419,0.36977256721254004,0.35803302810194837,0.2721944046855109
419,420,0.33015623805392447,0.4108718658656486,0.25897189608042726
420,421,0.31405996423837307,0.472453508252023,0.21348652750960345
421,422,0.4180749262783106,0.28141141608777515,0.3005136576339142
422,423,0.46827669843363817,0.07715838169974237,0.45456491986662034
423,424,0.006110257956751021,0.5061737672262038,0.4877159748170453
424,425,0.008175797658566476,0.4912700170218452,0.5005541853195887
425,426,0.024425395249425757,0.5269260978093877,0.4486485069411865
426,427,0.3226365345495187,0.3347398364890869,0.34262362896139464
427,428,0.44289522197661996,0.03414286204868404,0.5229619159746963
428,429,0.4751307422972452,0.4693152080934224,0.05555404960933229
429,430,0.41064684810131313,0.458192375957759,0.131160775940928
430,431,0.4653139134697673,0.5020647831450591,0.03262130338517343
431,432,0.49242486070307795,0.49981461398655025,0.007760525310372088
432,433,0.5803000133364423,0.3783757664243673,0.04132422023919012
433,434,0.42107626137263904,0.2188548977418548,0.3600688408855059
434,435,0.41331784175923475,0.3551272616452034,0.23155489659556144
435,436,0.28460011825039067,0.26871248793619346,0.44668739381341505
436,437,0.4269519752581964,0.2646109311472647,0.308437093594539
437,438,0.053508887833781826,0.571549420687884,0.3749416914783345
438,439,0.005594044800083978,0.49004927150436584,0.5043566836955504
439,440,0.5035550493992954,0.49421714639753056,0.0022278042031747608
440,441,0.4115657756957401,0.381956897566684,0.20647732673757532
441,442,0.5565147541110738,0.3743971606080807,0.06908808528084522
442,443,0.430615482116689,0.3656236815611537,0.2037608363221576
443,444,0.46519112471695767,0.25103578724888254,0.28377308803415985
444,445,0.27615393000826394,0.47353952922717457,0.2503065407645612
445,446,0.4515651090571616,0.31680450460776927,0.231630386335069
446,447,0.446105438194858,0.15160840506378595,0.4022861567413559
447,448,0.5219773202783975,0.3095500773204697,0.16847260240113276
448,449,0.3556627558950663,0.3938961138272543,0.2504411302776799
449,450,0.41631964118493237,0.45824099973462135,0.12543935908044615
450,451,0.4446496558441836,0.38002503538903054,0.1753253087667859
451,452,0.3874867804252066,0.32765773376420804,0.2848554858105857
452,453,0.4720790684244593,0.49233935537447854,0.035581576201062254
453,454,0.23094212838987815,0.4300128514238683,0.3390450201862533
454,455,0.48500254745148547,0.4823497613527466,0.03264769119576745
455,456,0.47546927288096663,0.4782768841243889,0.04625384299464477
456,457,0.46742273933592987,0.47583773093830367,0.05673952972576549
457,458,0.484560203582878,0.49377221608455185,0.021667580332570213
458,459,0.15365509306411598,0.44981838211178393,0.3965265248241001
459,460,0.4534938007670725,0.4651904363359252,0.08131576289700235
460,461,0.47797196534144987,0.460763401779618,0.06126463287893253
461,462,0.45267513431776724,0.3990225887112651,0.14830227697096804
462,463,0.5041806464891323,0.4570265437226076,0.038792809788260406
463,464,0.4981345059473119,0.5008855051834853,0.0009799888692030162
464,465,0.46617818771329794,0.390464535288201,0.1433572769985004
465,466,0.561103064566332,0.1529340975315809,0.2859628379020872
466,467,0.5048379148069233,0.0033982283228139137,0.49176385687026253
467,468,0.5028122802339895,0.04343770007967214,0.4537500196863383
468,469,0.560495551816425,0.3889634000909259,0.05054104809264944
469,470,0.3759256772206148,0.07489103804964645,0.5491832847297391
470,471,0.4104579456611487,0.3202999063805552,0.26924214795829615
471,472,0.5031773281833629,0.010529655514975804,0.4862930163016619
472,473,0.44919625554004505,0.4253150109855012,0.12548873347445402
473,474,0.46465537731438544,0.49360627439385024,0.04173834829176389
474,475,0.2988085906746314,0.4261643255973924,0.27502708372797585
475,476,0.45923014284409996,0.3736004678284046,0.1671693893274951
476,477,0.4097640764828635,0.3409050468496381,0.24933087666749884
477,478,0.2454842720562315,0.31154642611465594,0.4429693018291123
478,479,0.4999878658767354,0.5000120415720661,9.25511984691055e-08
479,480,0.473157371791007,0.0795022429944991,0.4473403852144939
480,481,0.36184898264472254,0.5542010691927106,0.08394994816256661
481,482,0.5282116701715154,0.46703581799125626,0.004752511837228159
482,483,0.37290542178164515,0.08249039052436184,0.5446041876939931
483,484,0.46485703661887096,0.45357909120645123,0.08156387217467752
484,485,0.5131597177235301,0.04398226894531527,0.44285801333115477
485,486,0.5256577937989018,0.07558332692190166,0.3987588792791973
486,487,0.48979917381904664,0.0303162968319806,0.47988452934897297
487,488,0.396177682215271,0.23354894236252977,0.3702733754221999
488,489,0.5179596661859347,0.026710238319106596,0.45533009549495845
