,Window_Index,Loading_Temperature_Prop,Loading_force_Prop,Loading_Voltage_Prop
0,1,0.41843726170645024,0.44644710331626153,0.13511563497728798
1,2,0.5104100904518607,0.4384518351868709,0.0511380743612681
2,3,0.44079531962794133,0.47633144955820095,0.0828732308138585
3,4,0.4686013805316123,0.47436367609540553,0.05703494337298197
4,5,0.043807778669826075,0.520973990238845,0.43521823109132907
5,6,0.4928383398065527,0.4987938840897736,0.008367776103673872
6,7,0.49100438191577167,0.49558344978070024,0.013412168303528172
7,8,0.49406927496604025,0.49148160848440814,0.01444911654955199
8,9,0.46865066386218274,0.4265459157342326,0.10480342040358456
9,10,0.4743923827851944,0.30391465999044276,0.22169295722436314
10,11,0.5026193361643794,0.43436953502326675,0.06301112881235382
11,12,0.5144923341277947,0.2637293693121466,0.22177829656005899
12,13,0.4920888130211354,0.48807974326489323,0.01983144371397154
13,14,0.4985763109158283,0.4980973305234832,0.003326358560688302
14,15,0.4840065064836458,0.4742056024005579,0.041787891115795714
15,16,0.43762643781424165,0.46085493227199925,0.10151862991375958
16,17,0.49231395990817367,0.4985549568928126,0.00913108319901324
17,18,0.13322447174285765,0.5404034909831477,0.326372037273995
18,19,0.4993920749196585,0.5002643190264313,0.00034360605390988143
19,20,0.4645996827055514,0.49335607849479607,0.04204423879965264
20,21,0.4846025436601037,0.49334512045647594,0.022052335883420076
21,22,0.5003981266166023,0.49424372627751534,0.005358147105882976
22,23,0.49687031207099397,0.4937566193690235,0.009373068559982508
23,24,0.5075988003627084,0.473916581458455,0.018484618178836655
24,25,0.49713904646932905,0.5015439755044728,0.001316978026198312
25,26,0.49090205247078506,0.4940425967709475,0.01505535075826718
26,27,0.4474151409677925,0.4602645621211594,0.09232029691104725
27,28,0.5282604492900091,0.4488411707523205,0.02289837995767039
28,29,0.4925576300946466,0.4922684934156698,0.015173876489683822
29,30,0.4914154257214288,0.49411052559949875,0.014474048679072853
30,31,0.49845761384187504,0.49484956328519997,0.006692822872924819
31,32,0.4844245457511271,0.4779438735961709,0.03763158065270235
32,33,0.4880095976830256,0.4747448069214887,0.03724559539548592
33,34,0.4174008192779581,0.39084934418594564,0.19174983653609673
34,35,0.38532763545008425,0.4047826686537761,0.2098896958961401
35,36,0.49486079213235074,0.49530350537347356,0.009835702494175534
36,37,0.47851727956024,0.49840256203114797,0.02308015840861198
37,38,0.3680979578650251,0.39382970111167376,0.23807234102330113
38,39,0.49484267369959634,0.490116424276405,0.015040902023998383
39,40,0.4656417672079212,0.4689377796646801,0.06542045312739862
40,41,0.496990882999983,0.4955228071825238,0.007486309817493625
41,42,0.4827315301924991,0.4922436528845573,0.02502481692294373
42,43,0.49924250103345175,0.488332251488232,0.012425247478316534
43,44,0.3419926077473719,0.4131292637817658,0.24487812847086252
44,45,0.44680841123672826,0.4390897456974538,0.11410184306581782
45,46,0.24266623381937494,0.2568419957234186,0.5004917704572066
46,47,0.4910178450994297,0.4815748420904105,0.027407312810159696
47,48,0.42306119295539796,0.20841456599987648,0.3685242410447252
48,49,0.31910149716118014,0.3470952952331208,0.33380320760569915
49,50,0.302623895402011,0.36316034054780755,0.33421576405018133
50,51,0.22536497416148468,0.4298610033092315,0.34477402252928385
51,52,0.32890784892968294,0.3375771318160396,0.3335150192542778
52,53,0.3366462797412095,0.3451993837466513,0.3181543365121393
53,54,0.34365858293221924,0.3523100126565227,0.3040314044112585
54,55,0.35838667624524223,0.34072691138683225,0.3008864123679259
55,56,0.3755819693536581,0.261016114882374,0.36340191576396774
56,57,0.37987712824668113,0.24519168971360122,0.3749311820397171
57,58,0.3576719192989175,0.28448795098250185,0.3578401297185805
58,59,0.3404300863440691,0.3138206084625883,0.34574930519334246
59,60,0.3342970392015468,0.3287267448634451,0.33697621593500815
60,61,0.33933164636660773,0.3201023680374671,0.3405659855959259
61,62,0.3396441542609016,0.31879757265688613,0.3415582730822121
62,63,0.34620372996206655,0.3221790032530203,0.331617266784913
63,64,0.34159960977687726,0.3204095738620894,0.3379908163610335
64,65,0.34494834160770044,0.31360986735237883,0.34144179103992023
65,66,0.38470951112131,0.3870854086004703,0.22820508027821967
66,67,0.3422025377402333,0.35682218577028496,0.300975276489482
67,68,0.3417343444172431,0.3307486264944662,0.3275170290882907
68,69,0.36453216380923315,0.25648166063693745,0.3789861755538284
69,70,0.3836629186802729,0.22717582840002554,0.3891612529197017
70,71,0.35113100793303226,0.30158076928898947,0.34728822277797866
71,72,0.33619499989351775,0.3202574997156175,0.3435475003908647
72,73,0.3430606235107603,0.310615103733327,0.3463242727559128
73,74,0.3339326433078699,0.325726377198485,0.34034097949364517
74,75,0.26530331850660294,0.3737878262667543,0.3609088552266423
75,76,0.31831699379618317,0.3263571855671168,0.3553258206367004
76,77,0.3477048885772924,0.28692890043188607,0.3653662109908217
77,78,0.3449963400633214,0.2391923053570061,0.4158113545796722
78,79,0.42096084255755073,0.08545356970932899,0.49358558773312056
79,80,0.08050441922458638,0.5154386927176536,0.40405688805775886
80,81,0.24685526923881562,0.43981632522237135,0.31332840553881325
81,82,0.37418066506280395,0.3473359023075992,0.27848343262959646
82,83,0.3867677614719602,0.14593770886058713,0.4672945296674528
83,84,0.37273762405515465,0.23356607621541273,0.3936962997294323
84,85,0.00027538075475334515,0.5021892950539383,0.49753532419130847
85,86,0.5071912252008722,0.212532411654521,0.2802763631446067
86,87,0.5436452714911015,0.4096230594734347,0.04673166903546366
87,88,0.514631651740565,0.4773674111491403,0.008000937110294665
88,89,0.10192502188543259,0.46984959322028436,0.42822538489428263
89,90,0.05779018543094123,0.4451063541007289,0.4971034604683298
90,91,0.16112725083701118,0.38822769890271275,0.45064505026027596
91,92,0.2865728048046287,0.2187228675975708,0.4947043275977997
92,93,0.45103420849600273,0.07126965624631658,0.4776961352576806
93,94,0.366232409850563,0.42411030042709713,0.20965728972234018
94,95,0.00012015746550575682,0.49955993272113003,0.5003199098133643
95,96,0.22879319448894125,0.35195515273605316,0.41925165277500565
96,97,0.06332204714130901,0.4305611365382604,0.5061168163204302
97,98,0.00040702292262076,0.4905397106918567,0.5090532663855225
98,99,0.45289922849560244,0.0500252194157152,0.49707555208868204
99,100,0.4959427447876003,0.005839700519640542,0.4982175546927591
100,101,0.4655776127432646,0.07071212945460122,0.46371025780213465
101,102,0.44472680573167356,0.14400293305990022,0.4112702612084256
102,103,0.3389756839632293,0.3061758519687731,0.35484846406799764
103,104,0.33822738353966075,0.27679846534931885,0.3849741511110207
104,105,0.34006646510711797,0.2831531772743132,0.37678035761856843
105,106,0.43148371927841567,0.14304106541614336,0.42547521530544125
106,107,0.31380858469076034,0.293062501393617,0.39312891391562316
107,108,0.40876303936982983,0.2098284139475677,0.3814085466826024
108,109,0.46281789625035763,0.0654314871654192,0.4717506165842231
109,110,0.4648499253941508,0.08660137102452085,0.448548703581328
110,111,0.48888799834403884,0.0037916013649229815,0.5073204002910389
111,112,0.43660178956708706,0.09036002701036502,0.4730381834225474
112,113,0.4926117539300072,0.00607791967459066,0.5013103263954023
113,114,0.3670534377267888,0.19917913761179748,0.4337674246614138
114,115,0.1191391943572351,0.3393462020079171,0.5415146036348484
115,116,0.05861365678536778,0.4950794871023021,0.44630685611232973
116,117,0.33961707482419695,0.2926183801651898,0.3677645450106133
117,118,0.3864090997216077,0.2107765110212559,0.4028143892571368
118,119,0.4176714526084544,0.1805308513294006,0.40179769606214566
119,120,0.39476473916069943,0.221039747275116,0.38419551356418485
120,121,0.48452326119720757,0.04364574256844432,0.47183099623434843
121,122,0.501481026750073,0.00356011332788508,0.4949588599220418
122,123,0.4377517820567096,0.2296545990568568,0.332593618886433
123,124,0.41817605807502795,0.2715837677305304,0.3102401741944418
124,125,0.3731434872151997,0.38045609593074325,0.2464004168540579
125,126,0.1837435438500521,0.2776532847601173,0.5386031713898309
126,127,0.4975029390845147,0.00208408670711463,0.5004129742083709
127,128,0.5001770050024892,0.0013143324369111794,0.49850866256059967
128,129,0.49014987895153855,0.017893093960797177,0.49195702708766453
129,130,0.3731650089217739,0.19421508877151392,0.43261990230671177
130,131,0.20877822815916322,0.31295757731028234,0.47826419453055397
131,132,0.14007402043726488,0.39840714804151706,0.4615188315212182
132,133,0.3467861607410658,0.25932914303613847,0.393884696222796
133,134,0.3861272911681179,0.21148313986982764,0.4023895689620551
134,135,0.36540753978264795,0.3074779859648372,0.32711447425251544
135,136,0.33158567284634316,0.2645456123986043,0.40386871475505287
136,137,0.33551921219950437,0.24470437522057323,0.4197764125799222
137,138,0.026486992022434222,0.4654907448915917,0.5080222630859736
138,139,0.33611106999256596,0.21506527732980973,0.44882365267762425
139,140,0.46983997582889364,0.038498507580894376,0.4916615165902121
140,141,0.38975209140352035,0.17248699401615483,0.4377609145803249
141,142,0.2093673037850358,0.3126776794430785,0.47795501677188634
142,143,0.3596154107495713,0.22360440142292334,0.4167801878275048
143,144,0.33592429048148,0.2163843298464256,0.4476913796720948
144,145,0.48092275283501634,0.033533063299866966,0.4855441838651167
145,146,0.3772574370530132,0.22046791079273909,0.402274652154248
146,147,0.33002901864113227,0.2658091086619493,0.40416187269691844
147,148,0.29994317668959697,0.32574487921337153,0.37431194409703145
148,149,0.3441117766262545,0.2870071650664729,0.368881058307273
149,150,0.3359679512290249,0.3096228169151661,0.354409231855809
150,151,0.342618216601744,0.3039567096953539,0.3534250737029029
151,152,0.31640374185308895,0.31529458565911384,0.36830167248779655
152,153,0.32291986120282273,0.29145000264029275,0.38563013615688374
153,154,0.351917048567844,0.2735796904825261,0.37450326094963005
154,155,0.36934012635270047,0.24083836856554952,0.3898215050817502
155,156,0.35887406308750647,0.26765128876568667,0.37347464814680614
156,157,0.3568509729364625,0.2783849970789165,0.36476402998462165
157,158,0.37935007015851463,0.23590968891988856,0.38474024092159687
158,159,0.3963993011594444,0.20239957879324086,0.4012011200473151
159,160,0.42197963502219893,0.14307239803375713,0.4349479669440435
160,161,0.3885554735666807,0.20822634043947577,0.403218185993843
161,162,0.3816234563911189,0.22822904871284116,0.39014749489603967
162,163,0.3548961083693217,0.28834589528873417,0.35675799634194416
163,164,0.3562765088908122,0.27267988017551004,0.3710436109336775
164,165,0.35040165189361117,0.2777349815476654,0.3718633665587242
165,166,0.35564105313572064,0.2756157920651516,0.3687431547991275
166,167,0.33235916609268634,0.31281153708022463,0.3548292968270887
167,168,0.32479803144710906,0.28189198801519755,0.3933099805376938
168,169,0.37083136469035777,0.2660759928050456,0.363092642504597
169,170,0.36028333341257485,0.2802443047024045,0.35947236188502046
170,171,0.3601329474038985,0.28711182956713427,0.35275522302896695
171,172,0.3455949889631698,0.3041150668502788,0.35028994418655174
172,173,0.3514669258972704,0.2967929524974805,0.35174012160525053
173,174,0.3439335480353806,0.3024971922671535,0.3535692596974656
174,175,0.3515544531109828,0.28621881594585996,0.36222673094315744
175,176,0.3443398184461536,0.29500917001893323,0.360651011534913
176,177,0.3471672094008653,0.29119178885221997,0.3616410017469156
177,178,0.3563040652176369,0.27692066053901904,0.3667752742433433
178,179,0.3866727747715425,0.22059761566617012,0.3927296095622867
179,180,0.40420874963197917,0.19180481091843765,0.40398643944958323
180,181,0.4166376953250925,0.1672855705319779,0.41607673414292934
181,182,0.42078155225048697,0.15878206598193534,0.4204363817675784
182,183,0.43799458990866214,0.12438916664872793,0.4376162434426099
183,184,0.3718136489867979,0.2502613794564237,0.37792497155677857
184,185,0.37501862130952035,0.24637609871350274,0.37860527997697757
185,186,0.40958906522064936,0.167606281823822,0.422804652955528
186,187,0.42483854737515353,0.13408990581770952,0.4410715468071372
187,188,0.37922410511770444,0.22547352944722795,0.39530236543506764
188,189,0.3828946499137583,0.22029084507561636,0.3968145050106249
189,190,0.407202516195147,0.18443068321607112,0.40836680058878233
190,191,0.3973626144139858,0.1992780371835056,0.40335934840250864
191,192,0.49855070223570325,0.0032718323968836728,0.49817746536741325
192,193,0.49933726099758474,0.001213760863743452,0.4994489781386722
193,194,0.4056565670464798,0.18944864718908408,0.4048947857644357
194,195,0.34447580975708875,0.3071093683456311,0.34841482189728035
195,196,0.3446655804083105,0.3028574894931035,0.3524769300985866
196,197,0.35412999310695836,0.2730423370051993,0.3728276698878423
197,198,0.4730301413364076,0.04596647323292687,0.48100338543066484
198,199,0.47041305653361326,0.05238937799820119,0.4771975654681855
199,200,0.4263217216181318,0.13101608001471537,0.4426621983671525
200,201,0.3421422548728414,0.28134505261264736,0.37651269251451086
201,202,0.4299263474259589,0.11557309167709272,0.454500560896949
202,203,0.47198637381376707,0.053998076948492194,0.47401554923774025
203,204,0.4483501504600875,0.09623912932443972,0.4554107202154728
204,205,0.4222533239971078,0.14608076457209906,0.4316659114307928
205,206,0.38693591317048115,0.21238649182097666,0.40067759500854233
206,207,0.4617301457802603,0.07254791732605237,0.46572193689368774
207,208,0.41630385528978825,0.14656693023074985,0.43712921447946096
208,209,0.43157888528017385,0.12512299368726584,0.44329812103256055
209,210,0.4047252689703846,0.18325289455263347,0.4120218364769812
210,211,0.4040164570691627,0.194069841410156,0.4019137015206812
211,212,0.4060754898994662,0.18930198208964338,0.4046225280108898
212,213,0.47527823335824243,0.03771750706057605,0.48700425958118126
213,214,0.5001759614260329,0.00024570037239150685,0.4995783382015762
214,215,0.4707812374304026,0.052451613868166526,0.4767671487014316
215,216,0.4547395721608316,0.08816254766600017,0.45709788017316794
216,217,0.4554927398596548,0.09127688945587226,0.45323037068447297
217,218,0.4891444516542635,0.023411284512006084,0.48744426383372974
218,219,0.5000817535178174,5.400592422969462e-05,0.4998642405579529
219,220,0.4598765060143743,0.1027790828444002,0.43734441114122585
220,221,0.41685084537258305,0.19550245092354052,0.3876467037038761
221,222,0.4397509088532582,0.1424397195170239,0.4178093716297181
222,223,0.48012675441612024,0.03904847369725883,0.48082477188662087
223,224,0.45382665385717286,0.08782072675257793,0.45835261939024957
224,225,0.45559256170534423,0.08005907889702846,0.46434835939762736
225,226,0.49518822983781496,0.006744101055582501,0.49806766910660233
226,227,0.4439836676408927,0.1072133442035654,0.44880298815554254
227,228,0.4354575588391675,0.1223227012455493,0.44221973991528324
228,229,0.42393443272635467,0.14933406733943716,0.4267314999342078
229,230,0.4690097149062104,0.05609482336247208,0.4748954617313167
230,231,0.46156219063544635,0.06311452624579703,0.4753232831187566
231,232,0.4774143930629556,0.03639643630633857,0.4861891706307059
232,233,0.40984544870520545,0.15118917946687233,0.4389653718279226
233,234,0.4246376311368669,0.14692196052083856,0.4284404083422947
234,235,0.46948905003296115,0.0593020511952244,0.4712088987718149
235,236,0.4887236266683631,0.022431931305144474,0.4888444420264927
236,237,0.4100102346321183,0.18407780565509493,0.40591195971278715
237,238,0.41831845464500195,0.16745470167383045,0.414226843681167
238,239,0.4992990777433581,0.00044112885834874174,0.500259793398294
239,240,0.48878802295593854,0.030479228095125127,0.48073274894893614
240,241,0.46960218854749286,0.040219575495856946,0.49017823595664967
241,242,0.38803343804842294,0.19235806716492443,0.4196084947866525
242,243,0.43825271659992276,0.11645397452652129,0.4452933088735556
243,244,0.4344005038951153,0.127883519405769,0.43771597669911566
244,245,0.4470471548146611,0.09712112181463814,0.4558317233707011
245,246,0.4288077277881689,0.14556363870401814,0.42562863350781266
246,247,0.4508579037030544,0.09492858172505064,0.454213514571895
247,248,0.465370589431359,0.05968827616834526,0.47494113440029617
248,249,0.4230282507252504,0.147818374653566,0.42915337462118347
249,250,0.44831933147558717,0.09893443353452401,0.45274623498988836
250,251,0.4790687039429722,0.04997762844598992,0.4709536676110371
251,252,0.4792005069396805,0.05022308738587803,0.4705764056744412
252,253,0.4390150785082863,0.11848060820397986,0.4425043132877338
253,254,0.43297681322157033,0.12114180301640415,0.4458813837620255
254,255,0.4179914346763953,0.14863229634141684,0.43337626898218823
255,256,0.47844248969907993,0.03973837786045197,0.4818191324404681
256,257,0.4267526750501483,0.15822435717337013,0.4150229677764819
257,258,0.460969344156903,0.10053538142767483,0.43849527441542224
258,259,0.4543821665444319,0.11708325099633901,0.4285345824592292
259,260,0.4576901574376629,0.11123268566671264,0.43107715689562404
260,261,0.38799051115449795,0.23303390013206185,0.37897558871344017
261,262,0.4259760991261761,0.13813578083939881,0.4358881200344244
262,263,0.46094508165377973,0.0718022672981623,0.4672526510480577
263,264,0.49862938191499256,0.0016819271260899503,0.4996886909589179
264,265,0.46340390636048934,0.08209582478091858,0.4545002688585927
265,266,0.4893890512185809,0.023423892686528322,0.48718705609489094
266,267,0.4939595814400781,0.010843003677783616,0.495197414882138
267,268,0.4864571159782604,0.033711049369101444,0.4798318346526382
268,269,0.471861773231862,0.07057481372191993,0.45756341304621795
269,270,0.4503685369518866,0.12039147018814601,0.42923999285996794
270,271,0.46361162794235933,0.10858137884240879,0.4278069932152317
271,272,0.49224344973700795,0.021482546216659883,0.4862740040463322
272,273,0.4507988255091081,0.10120033475074584,0.44800083974014643
273,274,0.48717723840034954,0.02966866261939002,0.48315409898026035
274,275,0.47178318721134105,0.05603250821284345,0.47218430457581534
275,276,0.4861841480062538,0.07378309789633924,0.44003275409740594
276,277,0.4848415379272173,0.08442055356003368,0.43073790851274923
277,278,0.4744322027730389,0.03718142012750863,0.4883863770994523
278,279,0.48934721917654034,0.022996545971807603,0.4876562348516517
279,280,0.4399695033878416,0.1936508101419771,0.3663796864701816
280,281,0.4825344296187979,0.05092684222237754,0.4665387281588245
281,282,0.4443934412495109,0.1315627751505271,0.42404378359996114
282,283,0.4755684904081977,0.07039628108060479,0.45403522851119715
283,284,0.46065410772079834,0.08073132542937528,0.4586145668498264
284,285,0.4915276347830325,0.012692590663913128,0.49577977455305433
285,286,0.5015831876884306,0.003128625850244897,0.4952881864613248
286,287,0.4143295351036979,0.20512160050165626,0.38054886439464575
287,288,0.44679354082834805,0.11345164853056443,0.4397548106410871
288,289,0.48638030913983593,0.017871126260672693,0.4957485645994908
289,290,0.4958558727235871,0.0023161014343362108,0.5018280258420764
290,291,0.45303481557985875,0.09328088527868467,0.4536842991414566
291,292,0.49977907956889817,0.0006384995543095185,0.4995824208767924
292,293,0.4864141501634095,0.04723311890963026,0.4663527309269603
293,294,0.4674361764549178,0.06850902146430209,0.4640548020807805
294,295,0.4999313085234849,0.00044866921443737764,0.49962002226207747
295,296,0.4879780903920306,0.016086929440947084,0.4959349801670226
296,297,0.4971363572245382,0.005361633278009906,0.49750200949745194
297,298,0.4770921892035668,0.04633061021610545,0.4765772005803278
298,299,0.4563831938749514,0.07307672341978078,0.47054008270526804
299,300,0.4991653586852229,0.00861907049087846,0.4922155708238988
300,301,0.49446412387823685,0.00565352429021613,0.4998823518315466
301,302,0.49609146417077893,0.005389298878435484,0.4985192369507857
302,303,0.4964346407772112,0.008236666773338326,0.49532869244945077
303,304,0.4912954477713403,0.01455509512793975,0.49414945710071995
304,305,0.4359734310624626,0.0901707728571539,0.4738557960803839
305,306,0.4250013182243743,0.07538129298195244,0.49961738879367307
306,307,0.3711950619106662,0.1514451748007575,0.47735976328857577
307,308,0.4622048969783034,0.07324438588526272,0.46455071713643414
308,309,0.4574396932776691,0.09427664763773183,0.44828365908459905
309,310,0.46642341859810155,0.08257619848848995,0.4510003829134082
310,311,0.48254184914204795,0.07034526177261935,0.4471128890853328
311,312,0.4422464561335555,0.13156775703424936,0.4261857868321943
312,313,0.4712034535670045,0.07289581002878791,0.45590073640420786
313,314,0.49740252684982,0.0021752138765947166,0.5004222592735851
314,315,0.4977758793888381,0.0032711576171921644,0.4989529629939691
315,316,0.49143262208316063,0.042057891759963335,0.4665094861568765
316,317,0.4720268862476024,0.04533625984448544,0.48263685390791206
317,318,0.4354926109833791,0.12492963055043282,0.4395777584661872
318,319,0.4724475190600148,0.03229069789486537,0.49526178304511975
319,320,0.43593744299368786,0.15458987314964187,0.40947268385666974
320,321,0.4662536655888173,0.09863443005469827,0.43511190435648356
321,322,0.4992870023352801,0.006334234700813306,0.4943787629639074
322,323,0.49867595368468803,0.00042893616053301097,0.5008951101547786
323,324,0.4616861835486008,0.035793570362395305,0.5025202460890036
324,325,0.41761290082488034,0.13319320608865604,0.4491938930864631
325,326,0.4310038281840532,0.11683069914073345,0.45216547267521295
326,327,0.4270372905974161,0.09504536638969374,0.4779173430128901
327,328,0.35153065816307294,0.16067402039715623,0.48779532143977067
328,329,0.5136094686956337,0.03048729107715962,0.45590324022720624
329,330,0.43876628248556376,0.2368570753891858,0.32437664212525086
330,331,0.40530596012786774,0.1743779917371769,0.4203160481349555
331,332,0.4356942671980789,0.11404425807065022,0.45026147473127137
332,333,0.497898383496722,0.003020785837340165,0.4990808306659383
333,334,0.5150085951862842,0.033497813683919825,0.45149359112979587
334,335,0.4987085801631093,0.0005290670819973678,0.5007623527548933
335,336,0.4759604335453502,0.07720789964764412,0.4468316668070058
336,337,0.488934773383234,0.007777254893952578,0.5032879717228136
337,338,0.46625394932079506,0.051509883586495483,0.4822361670927095
338,339,0.4926773587745435,0.0034059975178462234,0.5039166437076102
339,340,0.47429314601541267,0.022758581162669943,0.5029482728219171
340,341,0.4883589193441138,0.05729034468400284,0.4543507359718831
341,342,0.48091155512951783,0.09107780587220152,0.4280106389982809
342,343,0.5022652015977417,0.003434938904213101,0.49429985949804517
343,344,0.48459743954997286,0.028419490814499328,0.4869830696355279
344,345,0.42642911812015133,0.1849187605434814,0.38865212133636734
345,346,0.44354190577114266,0.1427822348709191,0.4136758593579385
346,347,0.44828228176564827,0.10533741142552157,0.4463803068088299
347,348,0.4388797993956584,0.07610514522676168,0.48501505537758033
348,349,0.4863981320260757,0.00954380952277577,0.5040580584511486
349,350,0.5031717216742706,0.07094829315536026,0.4258799851703698
350,351,0.3926111153902861,0.2715890976133267,0.3357997869963871
351,352,0.4462793242100955,0.10055905246534065,0.4531616233245641
352,353,0.43779290240628077,0.06687962245628266,0.4953274751374364
353,354,0.42140911741000364,0.11348686810116101,0.4651040144888352
354,355,0.4990519626404472,9.40854246044815e-05,0.5008539519349483
355,356,0.41972320712364686,0.11235274635808842,0.4679240465182647
356,357,0.5403317099694651,0.25768264480052594,0.2019856452300089
357,358,0.4968353847559327,0.0023807610184448536,0.5007838542256222
358,359,0.4800552938468726,0.06291251163404508,0.45703219451908234
359,360,0.47396201896123763,0.03553334018461346,0.4905046408541485
360,361,0.4035029594413783,0.22857302862214207,0.3679240119364792
361,362,0.4276829154611908,0.1714402061133009,0.4008768784255084
362,363,0.4734280431604007,0.05135933929063663,0.4752126175489626
363,364,0.44066031541529904,0.18064590672790806,0.37869377785679376
364,365,0.4930868020626265,0.042868611810638134,0.46404458612673516
365,366,0.49408221411214076,0.0323055812671602,0.47361220462069875
366,367,0.4973524029499144,0.03716113936380364,0.46548645768628155
367,368,0.47740901076104497,0.021650095655426985,0.5009408935835283
368,369,0.49776278383229494,0.00028605702919376344,0.5019511591385111
369,370,0.48901997411772336,0.019345585636447917,0.4916344402458282
370,371,0.48547270481561267,0.08307133223226845,0.4314559629521186
371,372,0.5007122437697146,0.0019412649044839448,0.49734649132580144
372,373,0.4367049271012917,0.381766839945476,0.18152823295323278
373,374,0.43138196154581876,0.3470018234873035,0.22161621496687736
374,375,0.4580792821854804,0.1266123942812419,0.41530832353327735
375,376,0.43872523118531925,0.10205990401160865,0.45921486480307144
376,377,0.5022785018448044,0.0010999326629949628,0.4966215654922003
377,378,0.4374310433265207,0.10215294555101853,0.4604160111224612
378,379,0.48879454192062094,0.00376892738485542,0.5074365306945235
379,380,0.48867724518739314,0.22093467289670712,0.29038808191589954
380,381,0.5197164594431255,0.3758746834047027,0.10440885715217181
381,382,0.42578430686911567,0.20159458093502905,0.37262111219585514
382,383,0.4758471659751898,0.024538168130060233,0.4996146658947496
383,384,0.5014086376125286,0.07023587834051132,0.42835548404695967
384,385,0.49276959742006177,0.0018963833122927288,0.5053340192676458
385,386,0.43217647361835143,0.04882163819482484,0.5190018881868237
386,387,0.49086553460025484,0.023127034042608217,0.4860074313571366
387,388,0.5185845162350992,0.22165467511123924,0.25976080865366197
388,389,0.5051515747292159,0.23269480549639346,0.26215361977439045
389,390,0.34135691711863425,0.22392938470662546,0.43471369817474004
390,391,0.40139623845582734,0.19734612891637532,0.4012576326277973
391,392,0.36809187016377065,0.43077632841797564,0.20113180141825382
392,393,0.3924373449190561,0.3537054479685526,0.25385720711239085
393,394,0.38237920369998785,0.2743841692665047,0.3432366270335081
394,395,0.41675072550062464,0.42583228464665285,0.15741698985272234
395,396,0.4999519024206041,0.5000474356223877,6.619570084227523e-07
396,397,0.3757541701096483,0.44568954413738077,0.1785562857529714
397,398,0.37603551588265494,0.3574049595663203,0.2665595245510247
398,399,0.0029910814797868895,0.5216716401582165,0.4753372783619967
399,400,0.49232918325752395,0.33229838762687525,0.1753724291156011
400,401,0.48467802523233605,0.4164560136093829,0.09886596115828084
401,402,0.502007074432563,0.002842208745775249,0.4951507168216617
402,403,0.4878497243978675,0.041835213028780564,0.47031506257335187
403,404,0.501975118594544,0.1544214805664033,0.3436034008390529
404,405,0.4697468772601836,0.21394374625219864,0.31630937648761775
405,406,0.5027720387171901,0.12919085733496963,0.36803710394784
406,407,0.3786522179908409,0.35911828347821134,0.26222949853094796
407,408,0.5076906375036842,0.04758845507670543,0.4447209074196103
408,409,0.49243927628813866,0.06979126692667142,0.43776945678518914
409,410,0.506871910599435,0.07862797839515707,0.4145001110054079
410,411,0.4817394973112044,0.2884463762466862,0.22981412644210938
411,412,0.41433296244766604,0.024203988804950356,0.5614630487473835
412,413,0.14791440875159803,0.4855227372238904,0.36656285402451166
413,414,0.4936103072233894,0.09926859447992571,0.4071210982966847
414,415,0.5006676078418016,3.8100763049914105e-05,0.4992942913951486
415,416,0.4932831993814709,0.004348274614449258,0.5023685260040798
416,417,0.26781832301973485,0.16772620972699226,0.5644554672532728
417,418,0.5070339759574143,0.0029495838437387373,0.49001644019884744
418,419,0.3771788835056286,0.37914833201382186,0.24367278448054946
419,420,0.38502772802284707,0.4608029587421307,0.15416931323502242
420,421,0.41803001710747195,0.050705335787706605,0.5312646471048215
421,422,0.4372510569757266,0.16171071559431036,0.40103822742996376
422,423,0.05904180702860172,0.45040737139861015,0.4905508215727879
423,424,0.33487177072734503,0.25174690540762423,0.41338132386503107
424,425,0.5382310749596327,0.10513522509070408,0.35663369994966315
425,426,0.42217449187170547,0.3696378699465335,0.20818763818176086
426,427,0.45800452068170683,0.005727713297581314,0.5362677660207121
427,428,0.00043534320384475746,0.5001046143157881,0.4994600424803674
428,429,0.5430538095795707,0.44856404941908923,0.008382141001339414
429,430,0.496580301601421,0.4951106592195934,0.008309039178986403
430,431,0.45368798165090696,0.3878251796762178,0.15848683867287544
431,432,0.42505772677854725,0.42992627289413293,0.1450160003273201
432,433,0.43512998761883,0.5163471428458059,0.04852286953536411
433,434,0.4071896104916961,0.4423271562010359,0.1504832333072679
434,435,0.5055651074182689,0.4937733479298207,0.0006615446519101312
435,436,0.49969823832640503,0.47356724655559645,0.026734515117998507
436,437,0.5048068930982911,0.49332559821044414,0.0018675086912648504
437,438,0.12340755034585527,0.2609326370269535,0.6156598126271916
438,439,0.19112733176837907,0.4639750186666281,0.3448976495649926
439,440,0.4922731421367301,0.1920042478121394,0.3157226100511305
440,441,0.5014036301487707,0.0005015388752494067,0.4980948309759802
441,442,0.45454803133407484,0.07619633360070341,0.46925563506522167
442,443,0.3892937858215426,0.5013699255493395,0.10933628862911775
443,444,0.47616560173721967,0.4610220330584945,0.06281236520428547
444,445,0.4028688845160843,0.4257244903529071,0.17140662513100857
445,446,0.49535297517728033,0.49313745589196006,0.01150956893075911
446,447,0.5047816780661337,0.49263513882668886,0.0025831831071770903
447,448,0.5048940281863358,0.4935404571882681,0.0015655146253962145
448,449,0.012154994833344994,0.5377761928644976,0.45006881230215784
449,450,0.3840172635650448,0.22139832739902152,0.3945844090359332
450,451,0.36318908760249535,0.34322895670667836,0.2935819556908267
451,452,0.31492050596766963,0.40427303330254044,0.28080646072979043
452,453,0.06595737334602157,0.4363855632561912,0.49765706339778665
453,454,0.14242255822908742,0.26872993691047314,0.5888475048604389
454,455,0.5027352988324083,0.030142595356406413,0.46712210581118496
455,456,0.49257047362746353,0.0021216204034881464,0.5053079059690485
456,457,0.49998155887623574,0.0026749596417837457,0.4973434814819805
457,458,0.2980403254288903,0.21710622917681197,0.48485344539429764
458,459,0.2644299803016424,0.33332135667130536,0.40224866302705253
459,460,0.2690514963466943,0.17148418188787412,0.5594643217654311
460,461,0.4729377869658323,0.17255284028611687,0.3545093727480507
461,462,0.5468560906802573,0.10363034178540464,0.3495135675343381
462,463,0.5123470314621296,0.47786212527049754,0.009790843267372836
463,464,0.5002738856336304,0.4819827006827831,0.017743413683586215
464,465,0.5006124912965398,0.0035786279727209303,0.4958088807307396
465,466,0.4802379729647661,0.052484507296561414,0.46727751973867254
466,467,0.3779921848213666,0.540397328479166,0.08161048669946816
467,468,0.3823342257583802,0.2935292284936945,0.3241365457479252
468,469,0.4497833531184857,0.4939903814520383,0.056226265429476126
469,470,0.4126716557965025,0.4834396848870742,0.10388865931642344
470,471,0.22640671404739934,0.6383468677204984,0.1352464182321023
471,472,0.6219515379891427,0.12900767927161633,0.24904078273924082
472,473,0.5161809380179339,0.4779226851488122,0.005896376833254078
473,474,0.4446647389444554,0.4609134178254391,0.09442184323010518
474,475,0.4788697786705694,0.5093104564854944,0.011819764843936398
475,476,0.4960807651488422,0.5019145942721022,0.0020046405790557563
476,477,0.45509725684760166,0.40030519081962984,0.1445975523327687
477,478,0.5456789424191477,0.36971239841979336,0.08460865916105943
478,479,0.3818858413274948,0.3750330811199189,0.24308107755258604
479,480,0.4589535279013674,0.009535337982641669,0.5315111341159908
480,481,0.5215459732749119,0.04011132320765664,0.43834270351743143
481,482,0.5000426529132819,9.192406099263097e-06,0.49994815468061926
482,483,0.47568723412573316,0.0769309256216293,0.4473818402526374
483,484,0.4911486585977653,0.004145750122373828,0.5047055912798604
484,485,0.4771686978629103,0.12485831647451136,0.39797298566257855
485,486,0.5359290512755046,0.40672588389565645,0.057345064828838825
486,487,0.571142585202456,0.047227309646566226,0.3816301051509779
487,488,0.38323618284724664,0.3239078853437133,0.29285593180903985
488,489,0.5767993132084629,0.37391095352304965,0.04928973326848771
489,490,0.5184686390848795,0.29880296535807177,0.1827283955570493
490,491,0.42299628661687866,0.2799530630574383,0.29705065032568334
491,492,0.4805922142313653,0.43630219637878875,0.08310558938984582
492,493,0.4870849348339148,0.09709556198306596,0.41581950318301925
493,494,0.21559164427332342,0.15371785189120135,0.630690503835475
494,495,0.44248755575230464,0.09271993810472519,0.46479250614297035
495,496,0.29126195604732397,0.5510422940558303,0.15769574989684554
496,497,0.22044566358116216,0.32630340929429746,0.4532509271245404
497,498,0.5007551232649555,0.49450265347491124,0.004742223260133744
498,499,0.49733011748671385,0.5001933112400624,0.002476571273223712
499,500,0.2816200260849125,0.41042530029395563,0.30795467362113144
500,501,0.17171475649566176,0.4327010240336888,0.3955842194706498
501,502,0.48272483162905994,0.49490855627729313,0.02236661209364645
502,503,0.07650361005854847,0.5312212478224365,0.39227514211901565
503,504,0.4140029448375305,0.41744740132798475,0.16854965383448464
504,505,0.42667049297806686,0.4589327439335312,0.11439676308840191
505,506,0.4986640007618345,0.4511073390232382,0.05022866021492741
506,507,0.13453564628956932,0.4055024707428832,0.4599618829675468
507,508,0.2891728202089796,0.5306947817550465,0.1801323980359743
508,509,0.2129935392533271,0.45515579019700136,0.33185067054967166
509,510,0.06654972525737725,0.40114847274448545,0.5323018019981375
510,511,0.3414509074156067,0.42325103081172116,0.23529806177267248
511,512,0.49008541403210987,0.012726023195621447,0.49718856277226847
512,513,0.3880264216283878,0.23415637034344985,0.377817208028162
513,514,0.46007342112573524,0.49929273513753275,0.04063384373673218
514,515,0.36814176747278454,0.22345031849224312,0.4084079140349724
515,516,0.16051854055883671,0.24654600965705775,0.5929354497841051
516,517,0.4981351093445506,0.4829365848584901,0.01892830579695913
517,518,0.48672022809359494,0.5115710223301388,0.0017087495762667338
518,519,0.49562206632585454,0.4395977278147393,0.06478020585940651
519,520,0.4898110270028317,0.48862306710737363,0.021565905889794314
520,521,0.3604195828551078,0.4993852991471692,0.14019511799772247
521,522,0.5053771166325502,0.00010215206317971677,0.4945207313042702
522,523,0.4853840183887692,0.5091806150081285,0.00543536660310194
523,524,0.48664034438733167,0.47759105843154,0.03576859718112874
524,525,0.09048565479961206,0.3404854904940532,0.5690288547063348
525,526,0.4676482112457744,0.4893906216024931,0.04296116715173287
526,527,0.4103907241524123,0.392977588245937,0.1966316876016513
527,528,0.40101023844707206,0.42304828308427006,0.17594147846865818
528,529,0.44971065310223074,0.3853413304309149,0.16494801646685414
529,530,0.491648719885336,0.4651813298735237,0.043169950241140495
530,531,0.45787313869759844,0.497027146628028,0.045099714674373126
531,532,0.48401910008196797,0.2442153010010933,0.2717655989169385
532,533,0.4866604789828952,0.5053751574516674,0.007964363565437248
533,534,0.5105056374282597,0.4871780173830116,0.0023163451887281833
534,535,0.4738134811177004,0.00580426204759837,0.5203822568347014
535,536,0.42182872777854485,0.4004565816389391,0.17771469058251624
536,537,0.012087685488874103,0.5226331810497927,0.4652791334613331
537,538,0.5983889469856226,0.259810373568866,0.1418006794455113
538,539,0.472292187459635,0.4644774454194881,0.06323036712087658
539,540,0.49633003962137273,0.49248887889450643,0.011181081484120768
540,541,0.4392029531184604,0.4616863956889789,0.09911065119256081
541,542,0.24791814912521548,0.1831095387784425,0.5689723120963424
542,543,0.4964734971610937,0.5003707757529381,0.003155727085967831
543,544,0.49675263598436276,0.49784307099092195,0.005404293024714842
544,545,0.4777580579800407,0.4832422673194063,0.03899967470055252
545,546,0.44861195700578954,0.36118275844898123,0.19020528454522992
546,547,0.2699512633962011,0.34531492471034675,0.38473381189345235
547,548,0.4597331231264921,0.44380292314547387,0.09646395372803401
548,549,0.4968065779052549,0.4972145874380355,0.0059788346567096655
549,550,0.40028047622048285,0.2284747698438248,0.3712447539356934
550,551,0.5788771593968018,0.07154334861197867,0.3495794919912201
551,552,0.4848738202861504,0.49954780995306153,0.015578369760788755
552,553,0.4603691264718391,0.18234139226787682,0.35728948126028454
553,554,0.4380608000105882,0.3545608427986177,0.20737835719079373
554,555,0.4784250532646955,0.5010890955947885,0.020485851140516157
555,556,0.4262529237537272,0.2742119260490229,0.2995351501972493
556,557,0.47635231101368153,0.3997674766425021,0.12388021234381619
557,558,0.4475699998887353,0.20352973983714084,0.3489002602741236
558,559,0.002143195781279382,0.5038379784545333,0.4940188257641873
559,560,0.025862950314191765,0.41333515098047546,0.5608018987053324
560,561,0.5228773602456417,0.4156321820451414,0.06149045770921656
561,562,0.5708322301346932,0.29167008668223826,0.13749768318306843
562,563,0.388788398173043,0.4200334209291901,0.19117818089776703
563,564,0.46945493983977143,0.1036113356285627,0.42693372453166584
564,565,0.4217005831833605,0.22434500381345046,0.35395441300318925
565,566,0.5094699433715901,0.46349259039530144,0.027037466233108612
566,567,0.48635847207021204,0.08643464530631273,0.4272068826234754
567,568,0.526996999264706,0.07882825624693485,0.39417474448835904
568,569,0.5266742205210796,0.4534230659317601,0.019902713547160184
569,570,0.4743880958660668,0.5052627724589704,0.020349131674962634
570,571,0.36346250187602985,0.5322670134292391,0.10427048469473055
571,572,0.4504084111761376,0.39560163202200477,0.15398995680185695
572,573,0.5296599598877627,0.2458884338504867,0.22445160626175048
