,Window_Index,Loading_Temperature_Prop,Loading_force_Prop,Loading_Voltage_Prop
0,1,0.4506051546499664,0.4315538315040731,0.1178410138459604
1,2,0.48825656611321333,0.4930293678850813,0.018714066001706043
2,3,0.4885631993054748,0.49459432411978965,0.016842476574735366
3,4,0.5001537316753094,0.49950424326854354,0.0003420250561471418
4,5,0.45574436113331085,0.42339983034221834,0.1208558085244708
5,6,0.5123972620277428,0.44309023761493865,0.044512500357318505
6,7,0.26591995910178345,0.4566241944484546,0.27745584644976207
7,8,0.32737122947428804,0.5114571486068045,0.16117162191890763
8,9,0.4077400218283927,0.5084875315356832,0.0837724466359236
9,10,0.5091118979028292,0.48813549042712584,0.0027526116700447006
10,11,0.49453647640941345,0.48894708611175264,0.016516437478833256
11,12,0.4878343369922116,0.4823408315053238,0.02982483150246433
12,13,0.500726543039325,0.4963680121615199,0.0029054447991549545
13,14,0.4899615399252325,0.48969971659000844,0.020338743484758854
14,15,0.5004000918137095,0.498171821395287,0.0014280867910039308
15,16,0.5323723215857666,0.450928201742617,0.0166994766716158
16,17,0.5001347157599477,0.49971075369016416,0.00015453054988839925
17,18,0.4443314911574304,0.46677580413703523,0.0888927047055346
18,19,0.4729593202587719,0.4722338435000125,0.05480683624121628
19,20,0.5015406101481766,0.4959713479031957,0.002488041948627698
20,21,0.4970098984421322,0.49661170065614585,0.006378400901721859
21,22,0.465148416275864,0.4945344718999837,0.04031711182415247
22,23,0.4515069856117399,0.4298783291266864,0.11861468526157426
23,24,0.47523823360976597,0.4350860079747058,0.0896757584155282
24,25,0.4724202924106413,0.4727509640324289,0.05482874355692988
25,26,0.462677555504363,0.4440762963950356,0.09324614810060199
26,27,0.5016638452512387,0.4973096008106879,0.0010265539380735487
27,28,0.49600296520577447,0.5018734741742071,0.0021235606200181814
28,29,0.4987389324865738,0.48324709423027135,0.018013973283155273
29,30,0.4898299437253728,0.4919666538865987,0.018203402388028818
30,31,0.49908864152979515,0.4721761444757993,0.0287352139944056
31,32,0.1623557027385574,0.3648943393870439,0.47274995787439844
32,33,0.44056455927566796,0.506657445296733,0.052777995427599055
33,34,0.47332962117438626,0.47833604993496853,0.048334328890645824
34,35,0.4905169945476617,0.4577781529365646,0.05170485251577312
35,36,0.45818828006767165,0.47459712530710146,0.06721459462522658
36,37,0.48567946058436184,0.49135087433832775,0.022969665077310485
37,38,0.3073904258451999,0.4448259677320581,0.247783606422742
38,39,0.12797976261025756,0.44723047107666064,0.4247897663130821
39,40,0.46710068154023887,0.4562568488948993,0.07664246956486134
40,41,0.4683331723985207,0.46603558160383685,0.06563124599764247
41,42,0.5219780926872442,0.1768136756429676,0.30120823166978833
42,43,0.3232176405039608,0.5462188545930169,0.13056350490302152
43,44,0.4874237918771251,0.4917316657429529,0.020844542379921827
44,45,0.46787376631639016,0.48035236744085014,0.05177386624275955
45,46,0.01478802971530278,0.5280906288622969,0.45712134142240046
46,47,0.4694972696072089,0.5013280622202376,0.029174668172553923
47,48,0.47786064710054144,0.4988350481786093,0.02330430472084848
48,49,0.32280105287221206,0.33362010486389315,0.3435788422638949
49,50,0.28499201107323147,0.37065546108226133,0.34435252784450704
50,51,0.2512662378102081,0.39300322999942244,0.35573053219036943
51,52,0.08823756429284947,0.5042980630299496,0.4074643726772017
52,53,0.33149456616541406,0.3647588808627695,0.3037465529718162
53,54,0.3590447970765609,0.33297914131668765,0.30797606160675145
54,55,0.3529372287836602,0.3022492271113763,0.3448135441049626
55,56,0.3876055893160076,0.3464442155048533,0.26595019517913926
56,57,0.34763626781275214,0.3471890150415097,0.30517471714573813
57,58,0.3383783744565452,0.33626593898758783,0.3253556865558667
58,59,0.34964839693862576,0.3417328383945853,0.30861876466678934
59,60,0.3564366185437161,0.33848828025061084,0.30507510120567255
60,61,0.3419425447180157,0.33320440843477517,0.32485304684720967
61,62,0.34473413817512344,0.3514313675709239,0.30383449425395237
62,63,0.3430252379581664,0.35045750182088325,0.30651726022095105
63,64,0.35183739163329325,0.3427575926355904,0.3054050157311162
64,65,0.3272657927991776,0.34118040917124737,0.3315537980295748
65,66,0.3460888370061073,0.33258335193269833,0.32132781106119396
66,67,0.34445930573376,0.3143289919909425,0.34121170227529735
67,68,0.3444069200486059,0.305946985257927,0.3496460946934668
68,69,0.34277325758764327,0.30573639737204894,0.35149034504030796
69,70,0.35448614401721856,0.2757821424407651,0.3697317135420167
70,71,0.36099505472973537,0.3004195284111828,0.3385854168590818
71,72,0.5056075278891174,0.0387225030541152,0.45566996905676677
72,73,0.40813439750814634,0.24088090465957318,0.35098469783228065
73,74,0.42943928400568765,0.1381939534217559,0.4323667625725564
74,75,0.4261607369777583,0.19051982776382967,0.38331943525841133
75,76,0.4483116695866986,0.22497724221595014,0.3267110881973512
76,77,0.48807857004606636,0.028446716235674706,0.48347471371825895
77,78,0.4444045023380137,0.31440538975481924,0.24119010790716677
78,79,0.39185861028723046,0.24886714173384966,0.3592742479789194
79,80,0.39149295272695067,0.22609131521434736,0.38241573205870205
80,81,0.45000801176698907,0.09891085881989525,0.45108112941311557
81,82,0.49378991787361737,0.011500273865788802,0.4947098082605937
82,83,0.49202829020339806,0.011816160512306563,0.49615554928429545
83,84,0.4792250602051512,0.04299389041239778,0.4777810493824513
84,85,0.42942771144158315,0.17089599735876226,0.3996762911996539
85,86,0.45264682517131455,0.10174098785802428,0.44561218697066096
86,87,0.44553102778663817,0.11041885891312281,0.44405011330023914
87,88,0.408228164413201,0.18595337886345328,0.4058184567233461
88,89,0.42016110660946615,0.1494713606672145,0.4303675327233191
89,90,0.36725918057613366,0.14049531724489153,0.4922455021789752
90,91,0.49108757657342916,0.0017538753464031048,0.5071585480801677
91,92,0.19595308704712097,0.37278875470631245,0.4312581582465666
92,93,0.030809669481975017,0.48753778323238944,0.48165254728563583
93,94,0.3936713057069761,0.21010696350944857,0.3962217307835751
94,95,0.26301599870909537,0.3424676622031823,0.3945163390877225
95,96,0.024056311721352978,0.5092824305232985,0.46666125775534845
96,97,0.10081516322792021,0.4440577627921655,0.4551270739799143
97,98,0.3054754211234696,0.28440224653920276,0.4101223323373276
98,99,0.3213659894458887,0.2479807959758411,0.4306532145782702
99,100,0.03890607552492575,0.5066049649322528,0.4544889595428217
100,101,0.38058751196679763,0.23694400818990843,0.3824684798432932
101,102,0.3413681008705349,0.2743472480445105,0.38428465108495474
102,103,0.0934608679827302,0.4294245589176718,0.4771145730995977
103,104,0.29178587036102466,0.32081854523701636,0.3873955844019595
104,105,0.3422025212429414,0.29278738273299315,0.3650100960240653
105,106,0.2745447754916633,0.3488245723721034,0.3766306521362331
106,107,0.19074354252183376,0.4023228370254984,0.40693362045266707
107,108,0.3116340475111148,0.33280647212376857,0.3555594803651167
108,109,0.3436226580617524,0.30572501812413083,0.35065232381411693
109,110,0.3487353268689263,0.2955532980798093,0.3557113750512642
110,111,0.3557529776872542,0.2837493963654559,0.3604976259472898
111,112,0.35270100749969435,0.2859224694506002,0.3613765230497052
112,113,0.3519445840959511,0.2924093392254902,0.3556460766785587
113,114,0.33704846888192885,0.31766222617622064,0.34528930494184995
114,115,0.33273969438175494,0.31487433104837953,0.35238597456986576
115,116,0.334685277919863,0.316977234845974,0.3483374872341625
116,117,0.3428643321320441,0.3110419578625957,0.34609371000535927
117,118,0.3462902172623936,0.30658518300234533,0.34712459973526094
118,119,0.4118608814317712,0.17860548951033026,0.40953362905789853
119,120,0.39553703387400924,0.19727792112817769,0.40718504499781333
120,121,0.3777783349860756,0.23137125553194754,0.39085040948197736
121,122,0.34622853560415906,0.30316594144971376,0.35060552294612796
122,123,0.3541176885673018,0.2796921695194695,0.3661901419132288
123,124,0.3692993963694306,0.24721687424325547,0.3834837293873149
124,125,0.3703691870880636,0.2554857315826489,0.37414508132928737
125,126,0.3613566614942789,0.2738765870589485,0.3647667514467732
126,127,0.39861460373195823,0.20033801372272914,0.4010473825453131
127,128,0.38963814653753964,0.2211085210591256,0.3892533324033344
128,129,0.35617830238250753,0.2811784163516019,0.36264328126589085
129,130,0.3459631432587562,0.30580511224554563,0.34823174449569844
130,131,0.3347351241054713,0.3267923357453979,0.3384725401491306
131,132,0.34210130767779484,0.3195198349524129,0.3383788573697926
132,133,0.3450509612989488,0.3166911174491906,0.3382579212518601
133,134,0.34354672171268014,0.31006165477930087,0.3463916235080186
134,135,0.34338786763376683,0.27968064908774726,0.3769314832784861
135,136,0.3576157849094878,0.2515464402738013,0.39083777481671145
136,137,0.3963613836453278,0.19161357876926272,0.4120250375854097
137,138,0.490927435474279,0.01873057757599164,0.4903419869497293
138,139,0.4042602268278883,0.1785673254918868,0.41717244768022504
139,140,0.39416192950515777,0.21022603392478464,0.39561203657005767
140,141,0.3613675844092176,0.27375807776278466,0.3648743378279967
141,142,0.38584750338239454,0.23159818109107427,0.3825543155265322
142,143,0.4532887298501203,0.09912851777886016,0.4475827523710192
143,144,0.4768055247394413,0.05335518726737892,0.4698392879931796
144,145,0.4999975612253229,5.3309339416234546e-05,0.49994912943526076
145,146,0.4755947357476847,0.04325071950272322,0.4811545447495921
146,147,0.49370618822693924,0.012291313135203692,0.49400249863785706
147,148,0.3791461854115012,0.2339015230189372,0.3869522915695624
148,149,0.3606743404170233,0.27536012077185396,0.36396553881112276
149,150,0.34571996590339343,0.3047885615493811,0.3494914725472254
150,151,0.39904433539160467,0.19603612944490212,0.40491953516349316
151,152,0.39214785991514656,0.21452058059008575,0.3933315594947678
152,153,0.41166209934071124,0.17874067685317574,0.40959722380611296
153,154,0.4072284564979387,0.19299910008904284,0.3997724434130188
154,155,0.413099709440117,0.176302300748684,0.41059798981119866
155,156,0.3882682493426968,0.22395278078443306,0.38777896987287047
156,157,0.4316604948973219,0.14015223686430103,0.4281872682383771
157,158,0.4127441491403195,0.1770206317853952,0.4102352190742849
158,159,0.36951555643227124,0.2664198200721639,0.3640646234955645
159,160,0.3639937785711862,0.2733175490974695,0.36268867233134433
160,161,0.4298092054992545,0.13928763264097258,0.4309031618597728
161,162,0.4191392654719789,0.16661285188165142,0.4142478826463691
162,163,0.368710383659805,0.24374141568197288,0.3875482006582225
163,164,0.3675484611831901,0.22241235331476777,0.4100391855020429
164,165,0.476237816118117,0.04492328253163089,0.4788389013502517
165,166,0.4963030314129881,0.007525471504086415,0.4961714970829251
166,167,0.491213903722851,0.012553960908985598,0.4962321353681635
167,168,0.46491645787611974,0.06486469244964753,0.4702188496742328
168,169,0.4766789614629648,0.043990980402025336,0.4793300581350096
169,170,0.4934295114962671,0.014371879485399587,0.4921986090183335
170,171,0.4946505585921618,0.009935389515319583,0.49541405189251864
171,172,0.49989452892696395,9.827600511664836e-05,0.5000071950679191
172,173,0.47161246684898656,0.048987639061553116,0.47939989408946077
173,174,0.4798717928785595,0.05365315183830936,0.466475055283131
174,175,0.4601313960832023,0.09351077618361438,0.4463578277331828
175,176,0.429522842413427,0.153237924422457,0.4172392331641156
176,177,0.363048403358955,0.27091697027594236,0.36603462636510287
177,178,0.3584344881432449,0.271209116803748,0.3703563950530068
178,179,0.3594532648505673,0.2659581381458993,0.3745885970035335
179,180,0.414355799126931,0.1615997138636537,0.4240444870094158
180,181,0.45937257510609,0.07826770122305553,0.46235972367085426
181,182,0.42728622660964155,0.15004620503866672,0.42266756835169167
182,183,0.4489244651448231,0.10565252668636252,0.44542300816881397
183,184,0.47313435193330194,0.056412268198734405,0.47045337986796343
184,185,0.4648564122866227,0.07030844216410022,0.4648351455492771
185,186,0.43479358858422457,0.1283654437615546,0.43684096765422126
186,187,0.4826377426908267,0.025371487842454656,0.4919907694667175
187,188,0.47103996306559476,0.05099187199945999,0.4779681649349449
188,189,0.4682056442508955,0.05843798058163096,0.4733563751674734
189,190,0.46731096742808054,0.056941661841045314,0.4757473707308738
190,191,0.44713951030843385,0.09754392317589866,0.45531656651566765
191,192,0.45926333162184163,0.08656702075208077,0.4541696476260777
192,193,0.47864109024984003,0.049141128610797113,0.4722177811393627
193,194,0.4816080643190918,0.040199870294757536,0.4781920653861503
194,195,0.4916223441467345,0.011902236111651945,0.49647541974161347
195,196,0.4527126211616265,0.08029755867711681,0.46698982016125695
196,197,0.4647142633669366,0.04929550790310811,0.4859902287299553
197,198,0.46609308732456334,0.05533969921642467,0.47856721345901176
198,199,0.498584277303643,0.004722546866695911,0.49669317582966066
199,200,0.4991762328317394,0.0003986377082409993,0.5004251294600204
200,201,0.46919222245992753,0.07771018832654947,0.45309758921352294
201,202,0.4075220594387168,0.19867291702058806,0.3938050235406955
202,203,0.4081412256013717,0.14688594732476093,0.44497282707386765
203,204,0.4803410458074381,0.027132307238545827,0.49252664695401605
204,205,0.48556881932439905,0.02599749649559584,0.4884336841800055
205,206,0.48206147726384996,0.026605511528275328,0.49133301120787454
206,207,0.4829166933903327,0.03852399303200643,0.4785593135776611
207,208,0.499974643856286,4.4212300935894574e-05,0.49998114384277786
208,209,0.48881099434241504,0.020202885075457224,0.49098612058212776
209,210,0.4946752132798167,0.007989334852298633,0.4973354518678848
210,211,0.47008240338832835,0.07665701237758261,0.4532605842340893
211,212,0.45788702723987607,0.11597666036385128,0.42613631239627253
212,213,0.394637532503103,0.229985991257176,0.3753764762397212
213,214,0.41865129126829714,0.1963474198121795,0.3850012889195231
214,215,0.4069200881326506,0.20183681544430637,0.39124309642304284
215,216,0.4042466382031243,0.21250408870486664,0.38324927309200835
216,217,0.4927153644869484,0.007159667615993333,0.5001249678970581
217,218,0.5003442675125009,0.009408245635390984,0.4902474868521076
218,219,0.468500864905929,0.1211574048985678,0.410341730195503
219,220,0.40328128190155166,0.21770108849675007,0.379017629601698
220,221,0.40584992378239343,0.203328569671507,0.3908215065460993
221,222,0.4437518669664494,0.11302805740147677,0.44322007563207355
222,223,0.4406164926464972,0.11910585977580314,0.4402776475776996
223,224,0.4360856767570169,0.141027582689174,0.4228867405538089
224,225,0.4896152688843566,0.019951562789402605,0.49043316832624195
225,226,0.474526729619824,0.047965635577044176,0.47750763480313174
226,227,0.48916012953437266,0.018304901447501472,0.49253496901812555
227,228,0.5000003083342593,6.58004185171883e-08,0.49999962586532215
228,229,0.47914363918445335,0.13895845239374696,0.3818979084217993
229,230,0.45647325661435223,0.07173575465820192,0.47179098872744624
230,231,0.4375611408906541,0.17768253533687414,0.38475632377247193
231,232,0.4671408009175309,0.05475815738455471,0.47810104169791434
232,233,0.49982501280581076,0.0005236385784199209,0.49965134861576993
233,234,0.47031626732472825,0.06516597752785103,0.4645177551474207
234,235,0.43785110091373736,0.1308095720456941,0.43133932704056854
235,236,0.4445676717768267,0.14741871513770918,0.40801361308546397
236,237,0.46976910542588146,0.09319482305213161,0.4370360715219876
237,238,0.50068725321753,0.0006310139606844238,0.49868173282178524
238,239,0.3203231131643727,0.29972014311126094,0.3799567437243661
239,240,0.18157240453219095,0.47109185435611645,0.3473357411116928
240,241,0.4028517508159795,0.21841938340050146,0.3787288657835194
241,242,0.41478548889379635,0.20392287893942979,0.38129163216677436
242,243,0.44465234526752706,0.13997093897326757,0.41537671575920493
243,244,0.40388917423746956,0.22984382929882347,0.3662669964637063
244,245,0.36516908761732736,0.1941921085858399,0.44063880379683273
245,246,0.365357081235234,0.16816655537132813,0.466476363393437
246,247,0.47847694638461113,0.07487348718835424,0.44664956642703457
247,248,0.4299281440001958,0.20980088462254928,0.36027097137725533
248,249,0.4452764280809238,0.13686154974022466,0.4178620221788518
249,250,0.3824402495451255,0.26607291789681947,0.3514868325580551
250,251,0.4225613895051467,0.29763218278017955,0.2798064277146736
251,252,0.3885662047753181,0.09962614853201969,0.511807646692662
252,253,0.27489380852043666,0.39720958924223804,0.32789660223732553
253,254,0.4474986725638865,0.32156716005282543,0.23093416738328837
254,255,0.48076272695501077,0.18735141538057073,0.3318858576644186
255,256,0.5117029899341269,0.07153473312351762,0.41676227694235535
256,257,0.3885775229941715,0.13482689425715097,0.47659558274867797
257,258,0.4626102582890462,0.510830873481047,0.026558868229906815
258,259,0.46966650724114756,0.20840883873861674,0.3219246540202354
259,260,0.3924958188042781,0.23585948139675514,0.37164469979896675
260,261,0.38181658855161715,0.39117689068915534,0.22700652075922753
261,262,0.45409362105487194,0.4462460055694416,0.09966037337568653
262,263,0.4313447328300063,0.3748825310306584,0.19377273613933554
263,264,0.40666230131259196,0.2934404767144548,0.2998972219729534
264,265,0.44786278870504903,0.37813403524637934,0.1740031760485714
265,266,0.4859869964855388,0.2669795963732751,0.24703340714118638
266,267,0.3977128262388279,0.25617866694966,0.34610850681151234
267,268,0.48326716174955614,0.30136635235272385,0.2153664858977203
268,269,0.5089270445929428,0.46398563455576247,0.027087320851295234
269,270,0.5171145434672619,0.2040315171927705,0.27885393933996766
270,271,0.5123621292097141,0.4744546239652762,0.01318324682500993
271,272,0.5000007754243687,6.175863669858414e-11,0.49999922451387235
272,273,0.4061142860235174,0.2905370581935433,0.30334865578293935
273,274,0.4085890365918889,0.2950098142213737,0.2964011491867376
274,275,0.4263011071608944,0.3499035393360186,0.22379535350308738
275,276,0.40568370668558745,0.38012713424781364,0.21418915906659905
276,277,0.5012572566170129,0.48208952038446395,0.016653222998523145
277,278,0.48803253437088123,0.49616766427542436,0.015799801353694746
278,279,0.3187110358340101,0.11743281018565117,0.5638561539803384
279,280,0.3314028619088391,0.2738795476398535,0.39471759045130744
280,281,0.3402036651715717,0.3506529998664648,0.30914333496196417
281,282,0.4529187089670014,0.05110164707429381,0.49597964395870425
282,283,0.5260765754803219,0.45064540808317904,0.023278016436498742
283,284,0.4741092879219017,0.045624615601940505,0.48026609647615764
284,285,0.3119749979158782,0.30446877111709825,0.38355623096702357
285,286,0.5053020628245668,0.11971610711185712,0.37498183006357616
286,287,0.4445564120295404,0.12202495501343379,0.43341863295702643
287,288,0.5125451730969358,0.2226763009906122,0.264778525912452
288,289,0.5272812001365791,0.32307956974589386,0.14963923011752692
289,290,0.532470181590271,0.4461691645838836,0.021360653825845326
290,291,0.4980231989825785,0.45522240856086893,0.046754392456552926
291,292,0.4285974186616376,0.4156583156323073,0.15574426570605515
292,293,0.4599048819191251,0.12702169325433227,0.41307342482654286
293,294,0.4958645430373031,0.025575476957383738,0.47855998000531275
294,295,0.4983410716480208,0.07807008743810025,0.4235888409138785
295,296,0.5299539649182528,0.03049562884909568,0.4395504062326512
296,297,0.49078679419246024,0.269484158396441,0.23972904741109874
297,298,0.4822864594670413,0.4974052033669662,0.020308337165991265
298,299,0.34852946510841565,0.3878349858607849,0.2636355490307996
299,300,0.40621561280199286,0.22169734234631758,0.3720870448516898
300,301,0.45729182326243634,0.3952000109095471,0.14750816582801676
301,302,0.4837714165086655,0.44822413740080885,0.06800444609052538
302,303,0.5203068294281431,0.16099629061750748,0.3186968799543494
303,304,0.4154662061336793,0.3533891787348515,0.2311446151314693
304,305,0.48668298563669476,0.05291065759684831,0.4604063567664572
305,306,0.4831839211832254,0.4161367943857733,0.100679284431001
306,307,0.4654228583682961,0.33945022797122887,0.1951269136604749
307,308,0.4033499491155975,0.25940430232161316,0.33724574856278905
308,309,0.46332952710152814,0.313242356835552,0.22342811606292026
309,310,0.44754372348598964,0.3717923952122264,0.18066388130178349
310,311,0.4268129667817166,0.32099291185995776,0.2521941213583262
311,312,0.496415441561197,0.24560902306921648,0.25797553536958634
312,313,0.16640739170534402,0.2771730762005139,0.5564195320941424
313,314,0.5126403665720083,0.46153955288139903,0.025820080546592697
314,315,0.47016543465527477,0.17687521321866953,0.3529593521260554
315,316,0.4609865327655369,0.1136273615284087,0.4253861057060544
316,317,0.4328459729700746,0.1797973257455242,0.3873567012844016
317,318,0.5047080483140846,0.49338888494025585,0.001903066745659725
318,319,0.5063587521791358,0.43882372476489667,0.054817523055967377
319,320,0.5223587643466084,0.3037362252908636,0.1739050103625282
320,321,0.4988414806614715,0.5010671249538453,9.139438468331493e-05
321,322,0.46150440425925277,0.02860991681173226,0.5098856789290147
322,323,0.37296362082578083,0.09173390343015617,0.535302475744063
323,324,0.34584293121956555,0.4050409824050339,0.24911608637540067
324,325,0.44145155910510736,0.2470555327985323,0.3114929080963604
325,326,0.5012794054085187,0.0001134984968804692,0.4986070960946007
326,327,0.48901408686793707,0.12443029237907258,0.3865556207529907
327,328,0.48493981379929846,0.15248016021816596,0.36258002598253536
328,329,0.5552064814062849,0.41437096294373604,0.03042255564997918
329,330,0.5038529356889745,0.00010268148163680667,0.49604438282938884
330,331,0.41819597235561745,0.3991856050063957,0.18261842263798636
331,332,0.49117980150767104,0.03783324450381944,0.4709869539885097
332,333,0.5719500718650519,0.14081744122303338,0.2872324869119147
333,334,0.45718923311916265,0.020480231157762773,0.5223305357230744
334,335,0.48244705510449987,0.09715385746347632,0.42039908743202375
335,336,0.3362854088934661,0.36660240596585114,0.29711218514068305
336,337,0.15359485007581697,0.6592287038540448,0.18717644607013853
337,338,0.3058256519058445,0.32456226720789916,0.3696120808862563
338,339,0.3727749528886556,0.3914766374034788,0.23574840970786565
339,340,0.18026179030038508,0.6302999768000933,0.1894382328995215
340,341,0.19786162795296305,0.4945311608274143,0.3076072112196224
341,342,0.29218470825429343,0.4690994377476322,0.23871585399807432
342,343,0.42428028222559583,0.14944676565429688,0.42627295212010696
343,344,0.27873018555349516,0.11237779423479136,0.608892020211714
344,345,0.504154718773037,0.4948343962932916,0.0010108849336707276
345,346,0.45435973384930767,0.5111734065139472,0.03446685963674576
346,347,0.601421975018386,0.24521720914787465,0.15336081583373912
347,348,0.49995203898572466,0.49995344256503904,9.451844923616342e-05
348,349,0.47924228245558725,0.4345598419780463,0.08619787556636588
349,350,0.4660670406150353,0.07918546304599182,0.4547474963389722
350,351,0.5083175228578665,0.37283547888904006,0.11884699825309336
351,352,0.4834533233450893,0.26640271719817854,0.250143959456732
352,353,0.50168630388565,0.488601434747298,0.00971226136705169
353,354,0.4811268729621802,0.40190362723659856,0.11696949980122126
354,355,0.4696303522217015,0.24128922335532627,0.2890804244229716
355,356,0.4971601982507197,0.45683307065561823,0.0460067310936627
356,357,0.46345061016721456,0.34476268629635515,0.1917867035364302
357,358,0.5060498835900127,0.49271075700550265,0.0012393594044846972
358,359,0.5386698664618406,0.45585808927267213,0.005472044265488028
359,360,0.3517269817257983,0.06283541859041632,0.5854375996837855
360,361,0.5118949146197611,0.0036443517737494774,0.48446073360648934
361,362,0.4471951353865651,0.04122705494718016,0.5115778096662549
362,363,0.44277015749259474,0.01592407216979164,0.5413057703376136
363,364,0.4821286404110633,0.4564449828625994,0.06142637672633713
364,365,0.5045109126089998,0.2645494618030923,0.2309396255879081
365,366,0.34879921942011977,0.43487977743536055,0.21632100314452007
366,367,0.30951629761324395,0.26819874644284464,0.42228495594391097
367,368,0.4967423040096238,5.1547883268946576e-05,0.5032061481071077
368,369,0.4500775255340403,0.42593782054805884,0.1239846539179011
369,370,0.499847010724434,0.4758358451340839,0.024317144141482557
370,371,0.5012917076312499,0.4510047892272079,0.04770350314154213
371,372,0.30202385959419054,0.44010478155874194,0.2578713588470674
372,373,0.04505569937187285,0.43086612377434325,0.5240781768537844
373,374,0.26579203808957585,0.39206207373083024,0.3421458881795945
374,375,0.3551248851963021,0.4804739915604907,0.16440112324320708
375,376,0.43049612749781047,0.5150642403190893,0.05443963218310032
376,377,0.39119430618695444,0.5242861288187438,0.08451956499430115
377,378,0.18473735408142564,0.5455696014106846,0.26969304450788956
378,379,0.031174452790250443,0.45770204364239486,0.5111235035673545
379,380,0.07432605944112677,0.3807077456423786,0.5449661949164952
380,381,0.4809907284912646,0.40520419834493987,0.11380507316379511
381,382,0.5463802584285803,0.08827248812286825,0.3653472534485523
382,383,0.36983634425094736,0.06218506388599003,0.5679785918630627
383,384,0.22607753811235815,0.24681136878036078,0.527111093107281
384,385,0.1891917977361178,0.4465162329903805,0.3642919692735018
385,386,0.15716882938492321,0.34178182490707465,0.5010493457080017
386,387,0.516081958402532,0.4746529349621325,0.009265106635335559
387,388,0.5071395319991171,0.4773093185654092,0.015551149435473779
388,389,0.500112027495043,0.4938157794207006,0.006072193084256619
389,390,0.5027165602460729,0.4960653792554868,0.0012180604984400843
390,391,0.4244184661493317,0.4407024239114437,0.13487910993922417
391,392,0.35800346279305234,0.0736980244182316,0.568298512788716
392,393,0.10128801722471523,0.3407088455619743,0.5580031372133107
393,394,0.12438331731520316,0.5081749813965799,0.3674417012882175
394,395,0.4984347371835594,0.5002894759785448,0.0012757868378962306
395,396,0.42719470689133193,0.4438759417071254,0.1289293514015428
396,397,0.42470998584897385,0.4281216494985631,0.14716836465246244
397,398,0.4198026473164842,0.40409836408319355,0.17609898860032205
398,399,0.5514680743085789,0.3964868656471393,0.05204506004428146
399,400,0.5176040781336184,0.4084039475336465,0.07399197433273483
400,401,0.5046482539886302,0.41746024241138385,0.07789150359998596
401,402,0.40437204835374413,0.3266825448276249,0.2689454068186316
402,403,0.4245031480870519,0.5014214455183182,0.07407540639463002
403,404,0.42320020632669086,0.5199618741380148,0.056837919535294636
404,405,0.2992536822895963,0.5787662086177797,0.12198010909262473
405,406,0.4732221574444461,0.4069381004022383,0.11983974215331596
406,407,0.28753348065837403,0.2668772907264579,0.4455892286151684
407,408,0.4101980095496062,0.24085232030442666,0.34894967014596745
408,409,0.27697272117876826,0.22269275906115524,0.5003345197600771
409,410,0.254682809193684,0.2340004018818093,0.5113167889245068
410,411,0.47841792248683634,0.5013276309407968,0.02025444657236734
411,412,0.4988516615486504,0.49814940711405903,0.002998931337291055
412,413,0.4997355901159105,0.5001168122958787,0.00014759758821005666
413,414,0.32003094858628434,0.3666920290002706,0.31327702241344574
414,415,0.2720830799344071,0.3611583656393336,0.36675855442625965
415,416,0.32584120061545613,0.42681145692397293,0.24734734246057113
416,417,0.3689907108366154,0.3302761260058898,0.3007331631574954
417,418,0.5062711570265553,0.4889270518987075,0.004801791074737151
418,419,0.49202857805381667,0.48036696898568726,0.027604452960496052
419,420,0.49991477156678016,0.49831235973932375,0.001772868693895882
420,421,0.5019194813887331,0.4870841718498535,0.010996346761413655
421,422,0.32099976666335095,0.4698483833984837,0.2091518499381646
422,423,0.48605298314043177,0.49352437634451046,0.020422640515057745
423,424,0.4047180207962575,0.2177886005829959,0.3774933786207466
424,425,0.13960877999222573,0.5926164927449592,0.26777472726281554
425,426,0.2754416859887311,0.480627220374264,0.24393109363700385
426,427,0.5771658339485943,0.2661535885128417,0.1566805775385637
427,428,0.49651689971158436,0.3611575871808971,0.14232551310751854
428,429,0.10713706392022322,0.5248212302124698,0.36804170586730733
429,430,0.49440464340177825,0.4950589865746061,0.010536370023615838
430,431,0.5085285757982084,0.46869167220667146,0.022779751995120313
431,432,0.5260425475522671,0.38512109207401884,0.08883636037371385
432,433,0.5469331848510799,0.4442757932587671,0.008791021890152814
433,434,0.4207377523990796,0.314315303956483,0.26494694364443744
434,435,0.22587913715358388,0.39044927705953186,0.383671585786884
435,436,0.5076629092137442,0.4812354809128192,0.011101609873436542
436,437,0.34653905154895104,0.37628145944302305,0.27717948900802586
437,438,0.49895708426096386,0.49478169126913274,0.006261224469903222
438,439,0.4705794463167522,0.5093044428577957,0.02011611082545154
439,440,0.43638352897003524,0.3922553300097716,0.17136114102019326
440,441,0.49071727097137463,0.47105536305740575,0.0382273659712205
441,442,0.4830766816003409,0.46270257352718785,0.05422074487247109
442,443,0.46372008077260857,0.4158008095349023,0.12047910969248947
443,444,0.49122859024321275,0.45704914580822975,0.051722263948557404
444,445,0.4954179480960834,0.4908603924341654,0.013721659469751067
445,446,0.4920979651833478,0.503815956057106,0.004086078759546305
446,447,0.42892878595734185,0.40771989579192297,0.1633513182507347
447,448,0.3050296347748013,0.3018234381212061,0.3931469271039921
448,449,0.31075387574822855,0.5060755436326699,0.18317058061910124
449,450,0.28899724546129985,0.4391306514804569,0.27187210305824355
450,451,0.5458302511297443,0.08907294905068462,0.36509679981957144
451,452,0.509480419408341,0.4872482142553934,0.0032713663362656884
452,453,0.4782251434588341,0.28326100214162203,0.2385138543995438
453,454,0.4635203473690395,0.3045737909827724,0.23190586164818805
454,455,0.40118371571421485,0.45732801674352885,0.14148826754225702
455,456,0.0005224859658997283,0.5103847303131352,0.4890927837209656
456,457,0.35347299650017844,0.5010850984048011,0.14544190509502053
457,458,0.46444999863494646,0.023381951737203168,0.5121680496278506
458,459,0.48992890147727663,0.5011240060708503,0.008947092451873365
459,460,0.4829336489375212,0.4900770538806614,0.02698929718181705
460,461,0.502991037407217,0.494136189614675,0.0028727729781084697
461,462,0.4988384880824556,0.0007251693816119845,0.5004363425359326
462,463,0.49495626210812493,0.013073225686217719,0.49197051220565735
463,464,0.47095861643260867,0.48486594494609503,0.044175438621296456
464,465,0.5017788990355235,0.4940347936823779,0.004186307282098101
465,466,0.5202610092068599,0.4425784093567493,0.037160581436390824
466,467,0.42129712278645376,0.34234348085176985,0.23635939636177697
467,468,0.42464166922858076,0.3548366593484033,0.22052167142301596
468,469,0.5430401637986796,0.04984094931279761,0.4071188868885227
469,470,0.5014594072974781,0.49269642275577363,0.00584416994674817
470,471,0.48310027201280625,0.4758336157769529,0.0410661122102408
