,Window_Index,Loading_Temperature_Prop,Loading_force_Prop,Loading_Voltage_Prop
0,1,0.42749950660862557,0.2900129420610708,0.2824875513303037
1,2,0.39743843980976873,0.28325260460787294,0.3193089555823582
2,3,0.49399049036898535,0.002510377727190545,0.5034991319038241
3,4,0.5256243678594144,0.0757774272601668,0.39859820488041886
4,5,0.35682087851414945,0.4032200178502709,0.23995910363557943
5,6,0.5008063786423224,0.3070442194209475,0.19214940193673077
6,7,0.4846487406238633,0.42785851847155393,0.08749274090458299
7,8,0.5157166317151852,0.4110317683114545,0.07325159997335984
8,9,0.49295582774767754,0.49694185921949224,0.01010231303283009
9,10,0.49993100733271645,0.49791001152539754,0.0021589811418851203
10,11,0.470748344497452,0.4441098747218725,0.08514178078067519
11,12,0.4781874059953064,0.49059652961689554,0.031216064387798326
12,13,0.5004655293440865,0.4967502557265232,0.0027842149293899644
13,14,0.46482933211782507,0.4225455428128644,0.1126251250693102
14,15,0.371601560076335,0.5254028039719283,0.10299563595173696
15,16,0.45289256095114416,0.44299860790507,0.10410883114378604
16,17,0.4962488698146818,0.49042778775266443,0.013323342432654066
17,18,0.5251633307285075,0.398064961392638,0.0767717078788545
18,19,0.4990557520177725,0.4981370573924774,0.0028071905897497453
19,20,0.49996651384674007,0.4998429926472067,0.00019049350605305262
20,21,0.4878815936842119,0.49168751420386886,0.020430892111918758
21,22,0.4713569750805218,0.4964319164279302,0.0322111084915484
22,23,0.4851080856379026,0.4026991679978925,0.11219274636420452
23,24,0.48109388694211846,0.4607335976021712,0.05817251545571054
24,25,0.4819790802562847,0.48687904789598224,0.031141871847733333
25,26,0.4791385218888324,0.4736524157823729,0.04720906232879427
26,27,0.4738725111789418,0.4263812774793001,0.09974621134175847
27,28,0.48899884070044763,0.48924027592914626,0.02176088337040704
28,29,0.49217345206124496,0.4957649103088934,0.012061637629861023
29,30,0.4981799865815703,0.5000814011996634,0.0017386122187667394
30,31,0.2554056659256744,0.3926935188572496,0.3519008152170755
31,32,0.23783528839567902,0.45157746302155644,0.31058724858276426
32,33,0.4995422328511185,0.5004052472804552,5.251986842588068e-05
33,34,0.5035061320635331,0.4954906290281818,0.0010032389082851414
34,35,0.45563729961226174,0.45751801622963556,0.0868446841581024
35,36,0.4687103345825979,0.4378717341301001,0.09341793128730252
36,37,0.026593239862114218,0.48150099678716224,0.4919057633507237
37,38,0.31870478138790115,0.43360470223038494,0.24769051638171444
38,39,0.4419703224287103,0.395217480063751,0.16281219750753903
39,40,0.4872316260493192,0.5020183636867147,0.010750010263965914
40,41,0.46818031331688464,0.4877015970707731,0.04411808961234246
41,42,0.4917693754773005,0.4965346196901232,0.011696004832576533
42,43,0.4985568208331109,0.49983402481191147,0.001609154354978033
43,44,0.49265597040282527,0.002558882035008051,0.5047851475621665
44,45,0.340351762283631,0.35933731345098957,0.3003109242653794
45,46,0.31742229299776625,0.3775125089122346,0.30506519808999877
46,47,0.318064726902597,0.4676912138631928,0.21424405923421047
47,48,0.34214708674416355,0.3426157930313979,0.31523712022443906
48,49,0.3532544809634608,0.34821577481088006,0.29852974422565925
49,50,0.3511280174252081,0.3355621997887719,0.31330978278601995
50,51,0.3479347253364846,0.3117078203789183,0.3403574542845968
51,52,0.40561087233615734,0.16856908512804694,0.42582004253579503
52,53,0.4881887908861264,0.018007837501293127,0.49380337161258087
53,54,0.4725440436458781,0.05192015545328985,0.47553580090083225
54,55,0.431633802079683,0.13256883341365797,0.4357973645066596
55,56,0.3925613889087389,0.2283536642173291,0.37908494687393174
56,57,0.4186267866202227,0.17642159946855326,0.4049516139112243
57,58,0.4888399980120795,0.02253443121768386,0.488625570770236
58,59,0.41754045423528635,0.1754058157136228,0.40705373005109063
59,60,0.4009358810894943,0.21530371380804222,0.3837604051024632
60,61,0.39113607199240186,0.2524660695085584,0.35639785849903977
61,62,0.43072343532812096,0.2271332431197862,0.34214332155209254
62,63,0.476219519312216,0.09145889718688935,0.43232158350089467
63,64,0.5047944625675348,0.010666333190009416,0.48453920424245606
64,65,0.5005279481836405,0.005213986846875778,0.4942580649694838
65,66,0.47394337222655886,0.5129832333951044,0.013073394378336428
66,67,0.42582046953484903,0.39740483017831774,0.17677470028683384
67,68,0.4432063855498503,0.4139275742050262,0.1428660402451233
68,69,0.5578195278288607,0.19263065090831186,0.24954982126282726
69,70,0.4479999009415898,0.12042501647142616,0.4315750825869842
70,71,0.497640778744532,0.0024789488724868505,0.49988027238298144
71,72,0.42179702723911094,0.14486208222605387,0.43334089053483527
72,73,0.48359351618350827,0.021141035593578477,0.49526544822291385
73,74,0.3935261960612058,0.18492652566470225,0.4215472782740917
74,75,0.36046429792045387,0.2711767302593995,0.36835897182014576
75,76,0.37002574903011515,0.2678346472537749,0.3621396037161099
76,77,0.4512708448850031,0.11867272497535082,0.4300564301396458
77,78,0.5023250872830729,0.008987729163304115,0.4886871835536234
78,79,0.49312574398892006,0.0540255127465143,0.4528487432645664
79,80,0.47445042296019735,0.04416387731938665,0.48138569972041606
80,81,0.492699454480685,0.0004947289048131703,0.5068058166145015
81,82,0.26285775658562893,0.3285849718751496,0.4085572715392212
82,83,0.1380197548201326,0.3797823313596382,0.48219791382022903
83,84,0.4155475473673189,0.16862222414351707,0.4158302284891646
84,85,0.5057723764784284,0.48687725912323243,0.0073503643983395235
85,86,0.48540918829913937,0.4810622177612439,0.03352859393961656
86,87,0.13978682123904385,0.4269483089611522,0.4332648697998035
87,88,0.3184707633708287,0.3096496228582345,0.37187961377093653
88,89,0.3655119466422907,0.1922414656360598,0.44224658772164926
89,90,0.4448817775329207,0.027780374413154084,0.527337848053926
90,91,0.31080300781443454,0.5810191004855527,0.10817789170001255
91,92,0.41266163990699717,0.17069031952717909,0.4166480405658237
92,93,0.5168404649510876,0.47608295348536617,0.007076581563545634
93,94,0.38557218271255045,0.561981321529225,0.05244649575822469
94,95,0.43480905442113327,0.09121790530923876,0.47397304026962855
95,96,0.5174472773016596,0.34088564801456733,0.14166707468377276
96,97,0.4869405561057703,0.5028897304072522,0.010169713486977408
97,98,0.4206680497942932,0.2282538949269803,0.35107805527872665
98,99,0.49743389683123473,0.5024764032441451,8.969992462087521e-05
99,100,0.47375031019943836,0.23156736832151834,0.29468232147904344
100,101,0.35172082105283525,0.515590988724837,0.13268819022232778
101,102,0.530647490910916,0.36047686850515015,0.10887564058393387
102,103,0.11735779301172099,0.5161643559135893,0.3664778510746898
103,104,0.49448075350044135,0.004812464683226136,0.5007067818163325
104,105,0.4426415784734027,0.4473455711902046,0.11001285033639262
105,106,0.5052379753800988,0.49405709248331303,0.0007049321365882826
106,107,0.5042569505321167,0.4948169424355808,0.0009261070323023664
107,108,0.5462556518370525,0.3122903823342513,0.14145396582869652
108,109,0.4995645517066934,0.00030365549808532494,0.5001317927952214
109,110,0.5374641278786058,0.10554588553190979,0.3569899865894847
110,111,0.4749117147565009,0.23780597269342219,0.2872823125500769
111,112,0.5663074181174426,0.08054948470400097,0.35314309717855646
112,113,0.25077169744087574,0.48711422015417144,0.2621140824049523
113,114,0.3265263859534237,0.5144553426287582,0.15901827141781852
114,115,0.4794020769965784,0.3977833275687255,0.12281459543469585
115,116,0.4564020697020492,0.49470575286896684,0.04889217742898424
116,117,0.36792366054017384,0.395607160810072,0.23646917864975453
117,118,0.4898221218729249,0.49165041017226846,0.01852746795480665
118,119,0.4593876693798816,0.46560336868479557,0.07500896193532217
119,120,0.009503645311711446,0.48744312763111447,0.5030532270571748
120,121,0.523725667665896,0.26569304407436806,0.21058128825973607
121,122,0.5010247109704522,2.3830153466372972e-05,0.4989514588760813
122,123,0.5283237185449381,0.31188178984185394,0.15979449161320797
123,124,0.39796896789895586,0.3419299371544971,0.26010109494654743
124,125,0.004731825999307586,0.4892024847502337,0.5060656892504585
125,126,0.007181430407956969,0.4871125395908401,0.5057060300012026
126,127,0.323332659714973,0.2597622079493814,0.41690513233564586
127,128,0.4803486323257518,0.4792513841964526,0.04039998347779589
128,129,0.4811899159586168,0.03234959071034978,0.4864604933310332
129,130,0.5019387598351597,0.20871096856405566,0.2893502716007847
130,131,0.5149214401740937,0.07670309066064786,0.40837546916525813
131,132,0.5012569743766616,0.00019301761673584458,0.4985500080066028
132,133,0.5342704348530004,0.282026466223275,0.18370309892372447
133,134,0.3588551267864699,0.4419254970043433,0.199219376209187
134,135,0.3794847196355665,0.42919777860294006,0.19131750176149273
135,136,0.4189389443204626,0.40367983716183736,0.17738121851769958
136,137,0.4997743104035827,0.48939077635775735,0.010834913238659727
137,138,0.5801471492011999,0.2709115007205386,0.14894135007826123
138,139,0.493336814737352,0.5024225233096347,0.004240661953013521
139,140,0.5003684912431244,0.49753489816384955,0.0020966105930261478
140,141,0.5434016957943233,0.02773696796063488,0.4288613362450418
141,142,0.36199192897248644,0.41741123792695034,0.22059683310056352
142,143,0.1903757409821829,0.44799144263667173,0.3616328163811453
143,144,0.05406817036455976,0.46373210748185034,0.48219972215359025
144,145,0.2618039586154103,0.3374294873312244,0.4007665540533653
145,146,0.40402615375068845,0.5621734702991535,0.03380037595015788
146,147,0.14235249230563443,0.38152834059736607,0.476119167097
147,148,0.48999336754967465,0.1096625444100124,0.40034408804031246
148,149,0.010878512251863138,0.47483422009219917,0.5142872676559376
149,150,0.4043657843054808,0.13967951718597135,0.4559546985085477
150,151,0.49376760291116695,0.15931824112660586,0.3469141559622271
151,152,0.44116895938747913,0.21173105536400175,0.34709998524851876
152,153,0.514612567747414,0.02663497836820711,0.45875245388437896
153,154,0.49286895334183917,0.4790983454792413,0.028032701178919803
154,155,0.4970570783591091,0.4032644069899519,0.09967851465093937
155,156,0.4763399634126431,0.4843468353627731,0.039313201224583566
156,157,0.12652353285193174,0.47291297182746084,0.4005634953206073
157,158,0.0067737841038907395,0.49918452486852527,0.49404169102758394
158,159,0.4881623424001523,0.1415693426662733,0.37026831493357437
159,160,0.35930450659400787,0.22946134979395347,0.41123414361203836
160,161,0.47283267201754237,0.06444600879054417,0.4627213191919131
161,162,0.48770934944965744,0.5106137869949061,0.0016768635554363458
162,163,0.5073597785830043,0.010611933768136239,0.4820282876488598
163,164,0.45140535413570043,0.21452520036292408,0.3340694455013754
164,165,0.3909155506635451,0.24601482621509807,0.36306962312135654
165,166,0.45403334526118316,0.1684746619843737,0.3774919927544433
166,167,0.4424303807998618,0.1950694763754636,0.3625001428246747
167,168,0.39698184343663473,0.26547040170438624,0.33754775485897953
168,169,0.4970954932076913,0.022248491824544837,0.48065601496776433
169,170,0.04273201095969976,0.4578551393482594,0.49941284969204175
170,171,0.32421838870419367,0.3981545415593701,0.27762706973643714
171,172,0.31002472569755224,0.38535296767769067,0.30462230662475653
172,173,0.4447897346325673,0.21010020346850888,0.34511006189892324
173,174,0.43174927482008535,0.2035834053817822,0.3646673197981331
174,175,0.37784679187376097,0.4494875916909914,0.1726656164352487
175,176,0.510035505310331,0.44092054154899624,0.04904395314067246
176,177,0.31237367000292865,0.2874414389288104,0.4001848910682607
177,178,0.4204861669265282,0.15807020800769475,0.4214436250657769
178,179,0.38680968704829366,0.2225788790176352,0.39061143393407144
179,180,0.301935417221596,0.3260236204807408,0.3720409622976638
180,181,0.23757817161801512,0.4238883887307424,0.33853343965124233
181,182,0.11059880671920325,0.4249499449854751,0.4644512482953215
182,183,0.16836834265234205,0.30805856983304547,0.5235730875146127
183,184,0.2548046858214386,0.2856877663074943,0.4595075478710674
184,185,0.4687287539832373,0.2962316399884483,0.23503960602831442
185,186,0.5281104152618677,0.17571559659701766,0.2961739881411145
186,187,0.005748431064983937,0.5317198350556065,0.4625317338794096
187,188,0.00524154651126074,0.505650456404936,0.4891079970838027
188,189,0.2422154241923597,0.39030938227526923,0.36747519353237135
189,190,0.47532826055582444,0.44964117608886567,0.07503056335531003
190,191,0.38905724338448383,0.26086100840820037,0.35008174820731636
191,192,0.40426064158928343,0.3505357518378721,0.24520360657284437
192,193,0.33901736424175744,0.47683630576968067,0.18414632998856198
193,194,0.35941809323824014,0.42947358684030545,0.21110831992145432
194,195,0.27284838114650156,0.6244591457849551,0.10269247306854333
195,196,0.5268703449205422,0.01863388366605156,0.454495771413406
196,197,0.5072328230516259,0.4921959416148135,0.0005712353335607044
197,198,0.4191010703904191,0.20449343282475055,0.37640549678483076
198,199,0.41337415075606754,0.3686202683113548,0.21800558093257755
199,200,0.4964406464179544,0.002386520484768482,0.5011728330972771
200,201,0.4467971726045957,0.3879343503966152,0.16526847699878952
201,202,0.3082743925086435,0.35229668678056725,0.3394289207107894
202,203,0.40374758962041213,0.22989864744056068,0.36635376293902727
203,204,0.4848804968442809,0.06511460615450178,0.45000489700121704
204,205,0.3298584054581056,0.19494303580256891,0.4751985587393249
205,206,0.5040720177089193,0.0002997392617940338,0.4956282430292868
206,207,0.5428099119205363,0.09534644504744436,0.36184364303201916
207,208,0.49428013964104894,0.5051406189201313,0.0005792414388197132
208,209,0.3734699168091563,0.5222714799736521,0.10425860321719155
209,210,0.3963516266770914,0.1507024289847834,0.45294594433812524
210,211,0.5718492874957297,0.09995074294571638,0.3281999695585538
211,212,0.3658529249836819,0.499978326777493,0.1341687482388256
212,213,0.4903869735833424,0.1111654719330696,0.39844755448358793
213,214,0.41736273185415257,0.15226048849134274,0.43037677965450527
214,215,0.3797185666899034,0.14101142331022523,0.4792700099998718
215,216,0.5000170403794708,0.3911864004084953,0.10879655921203404
216,217,0.45649220992142436,0.49453741127380024,0.048970378804775526
217,218,0.512692796361313,0.09517290777466246,0.3921342958640246
218,219,0.48254379033074096,0.4992334037703907,0.018222805898867652
219,220,0.4817093413144766,0.5044197288710107,0.013870929814512283
220,221,0.5430116189447914,0.008990302048510042,0.44799807900669875
221,222,0.14635650062455782,0.4000421582992125,0.45360134107623
222,223,0.39405394630804474,0.3378866957258692,0.2680593579660857
223,224,0.42807550795439786,0.3926522714921443,0.17927222055345696
224,225,0.481352911090503,0.48703174675628647,0.031615342153210206
225,226,0.4695599451456342,0.04601416173147536,0.48442589312289075
226,227,0.3586186278577809,0.29190907824800033,0.3494722938942189
227,228,0.39102952208550484,0.2818339008024899,0.3271365771120053
228,229,0.4236318953783208,0.11136678749635404,0.465001317125326
229,230,0.5237227889017103,0.32101665781527405,0.15526055328301513
230,231,0.5013637237611588,0.07219250570474775,0.4264437705340933
231,232,0.47378550700561556,0.10889253923869914,0.4173219537556855
232,233,0.45858655015028016,0.22023020587371409,0.32118324397600573
233,234,0.363759993391187,0.11128298723135445,0.5249570193774581
234,235,0.310337030858428,0.1585279343550129,0.5311350347865593
235,236,0.21069789990422033,0.38013047723444615,0.4091716228613327
236,237,0.2576212063391252,0.4571072601485672,0.2852715335123076
237,238,0.5181988999596023,0.12171096570135449,0.3600901343390432
238,239,0.4898335793861094,0.041263583970278774,0.4689028366436123
239,240,0.4473239246088981,0.1341210657533472,0.4185550096377537
240,241,0.41247839621071253,0.18039831313420301,0.40712329065508424
241,242,0.4902953783364613,0.002769876885260859,0.5069347447782772
242,243,0.2663018578918983,0.21647345850548103,0.5172246836026209
243,244,0.4502977997647979,0.5382518633137324,0.011450336921469337
244,245,0.42619506824806147,0.17017522013977116,0.40362971161216726
245,246,0.4097938196253138,0.45550208279799237,0.13470409757669433
246,247,0.47141827223634813,0.0932227044704019,0.4353590232932499
247,248,0.44897284296124385,0.3834627109156985,0.16756444612305738
248,249,0.49969788529460346,0.5000131872809408,0.00028892742445571815
249,250,0.4082217936346916,0.39190940319011114,0.19986880317519726
250,251,0.4407207155508005,0.32780673259601323,0.23147255185318666
251,252,0.39606579243012047,0.5234273577488929,0.08050684982098665
252,253,0.09495834551200187,0.28860026171536557,0.6164413927726331
253,254,0.5530073842020137,0.05377908860979919,0.3932135271881876
254,255,0.3632236519883787,0.2982538123378269,0.3385225356737948
255,256,0.5246162517740136,0.05819121141673274,0.41719253680925394
256,257,0.49898872216205126,0.03252340325889552,0.46848787457905294
257,258,0.5011693328860399,0.0031859962583740825,0.49564467085558594
258,259,0.5239317683835517,0.009604880555892118,0.4664633510605566
259,260,0.48299394626168063,0.43644183291213307,0.08056422082618606
260,261,0.42569061070637754,0.2754043358668069,0.29890505342681595
261,262,0.4680395850272761,0.33531062379393106,0.1966497911787927
262,263,0.49740830209595105,0.37579424343629114,0.12679745446775798
263,264,0.4831014283515287,0.08128880580382852,0.43560976584464267
264,265,0.5133669791223436,0.03347653770781126,0.45315648316984514
265,266,0.4871990397921983,0.22924638097119515,0.2835545792366069
266,267,0.43185079910142976,0.33464985671413294,0.23349934418443666
267,268,0.3148711846564599,0.3640790767134306,0.3210497386301096
268,269,0.23954047535606926,0.403564009608876,0.3568955150350543
269,270,0.219133446677493,0.31828907013390645,0.4625774831886004
270,271,0.47962642750457063,0.2159890608675578,0.304384511627871
271,272,0.5085464314162721,0.3317229620722849,0.15973060651144336
272,273,0.4820330210710115,0.09578825331003164,0.42217872561895714
273,274,0.4133951099427737,0.15109534320094953,0.4355095468562764
274,275,0.38540992625640236,0.2988053994503605,0.3157846742932372
275,276,0.48677281087105595,0.11443849654047952,0.3987886925884647
276,277,0.31321598635934966,0.20839002376191137,0.4783939898787387
277,278,0.46149859224136497,0.05754533254355777,0.4809560752150773
278,279,0.5166140997553397,0.009309710998457552,0.4740761892462028
279,280,0.4980090233804943,0.23689807604251484,0.26509290057699125
280,281,0.45554390288827,0.2380704637017153,0.3063856334100146
281,282,0.46412703377283215,0.43061586256995166,0.1052571036572154
282,283,0.4967164723986325,0.027230371491595733,0.47605315610977195
283,284,0.47430678025847794,0.092771069852249,0.4329221498892733
284,285,0.3888216482468829,0.2858300214288842,0.3253483303242332
285,286,0.41070960469047635,0.3871245687846673,0.20216582652485676
286,287,0.48073028676229246,0.010887588463363369,0.5083821247743443
287,288,0.4287056922084954,0.29270056603334954,0.27859374175815527
288,289,0.217221081337022,0.4206733917344868,0.36210552692849096
289,290,0.25941040378700814,0.42376045464413226,0.31682914156885983
290,291,0.3976621614501184,0.32297604119612044,0.279361797353762
291,292,0.19561018868417285,0.4259106233529001,0.37847918796292707
292,293,0.32446472000623844,0.3875215273646654,0.2880137526290965
293,294,0.29413623626872326,0.32893609491295533,0.37692766881832107
294,295,0.21560965732473772,0.18102886788808317,0.6033614747871787
295,296,0.0859363656092685,0.5884551984714478,0.3256084359192838
296,297,0.4324703721289787,0.15632334037260548,0.4112062874984156
297,298,0.410061491552636,0.19616055692039597,0.39377795152696793
298,299,0.35903583199680683,0.26043726710175547,0.38052690090143776
299,300,0.003205004874325122,0.5108564373170176,0.48593855780865697
300,301,0.4969977667990522,0.5027848035780219,0.00021742962292562048
301,302,0.45917450495141166,0.08526871508544018,0.4555567799631474
302,303,0.49553119925049094,0.010037539827328766,0.49443126092218026
303,304,0.03366812226278058,0.4765190240524267,0.48981285368479305
304,305,0.5016108818133648,0.07844202674996145,0.419947091436674
305,306,0.49334145162585813,0.02167337498691988,0.48498517338722213
306,307,0.2853307146830877,0.2693808642488122,0.4452884210681002
307,308,0.34574437760891447,0.19703863710543917,0.4572169852856467
308,309,0.48880579532293084,0.10853729361645047,0.4026569110606187
309,310,0.3313935455881952,0.3086288332898598,0.35997762112194487
310,311,0.3375936167556475,0.3472918422848545,0.3151145409594977
311,312,0.4109511051691088,0.08949828325615894,0.4995506115747328
312,313,0.47212791353854167,0.5158480500477586,0.012024036413700024
313,314,0.4129366987417659,0.153772470528271,0.4332908307299635
314,315,0.49914833145468535,0.006638580330283154,0.4942130882150314
315,316,0.29269985405528676,0.4725758362448153,0.23472430969989724
316,317,0.5009591224461559,0.0010266608545969988,0.4980142166992472
317,318,0.4976379262709433,0.0012367824839666069,0.5011252912450901
318,319,0.4741275327736747,0.057879871462452125,0.4679925957638733
319,320,0.34201519922771684,0.21195401943837558,0.4460307813339072
320,321,0.2894687626026928,0.18489006876621938,0.5256411686310877
321,322,0.04658404102477337,0.4707035744221416,0.4827123845530846
322,323,0.13060331638787318,0.46801279930494427,0.4013838843071826
323,324,0.25061484812095314,0.33790494890342787,0.4114802029756195
324,325,0.3475976438537632,0.3707383156583815,0.2816640404878557
325,326,0.5546149746785523,0.3879738751393647,0.05741115018208281
326,327,0.39191046078593755,0.22435132020426674,0.3837382190097956
327,328,0.14179657209881333,0.4401650693323174,0.41803835856886934
328,329,0.47067381523424806,0.005797964120037191,0.5235282206457151
329,330,0.47960957102955776,0.019573587248389413,0.5008168417220524
330,331,0.4972308988255699,0.009843802005719835,0.4929252991687104
331,332,0.4519988539514294,0.08416069443132712,0.4638404516172435
332,333,0.2664804676166257,0.20492399859534166,0.5285955337880325
333,334,0.14391766919347407,0.44126289882279834,0.414819431983727
334,335,0.19038581329823848,0.3706393868294352,0.4389747998723264
335,336,0.1804786014026388,0.4299834159517517,0.3895379826456089
336,337,0.4970989318973116,0.0002424506991809427,0.5026586174035075
337,338,0.41960181048505946,0.018300714704887748,0.5620974748100531
338,339,0.3373769446613095,0.2630352890834984,0.399587766255192
339,340,0.06413841398006044,0.4613580398608864,0.47450354615905377
340,341,0.48587252852251467,0.012157094569534746,0.5019703769079507
341,342,0.27383115164886,0.4158282021701199,0.31034064618102014
342,343,0.37604333747060364,0.29928861162352904,0.3246680509058675
343,344,0.37757966943723487,0.23942170938781254,0.382998621174952
344,345,0.3448230258519895,0.1873670131456519,0.46780996100235817
345,346,0.28817686300422474,0.35262828745905456,0.3591948495367208
346,347,0.3845142408630448,0.26290483608500875,0.3525809230519462
347,348,0.4967248216491885,0.008412097113043143,0.494863081237768
348,349,0.48136686812989093,0.026633111891312743,0.492000019978796
349,350,0.4586291701409527,0.08614554912255297,0.4552252807364943
350,351,0.4546367770148432,0.08586135062013697,0.45950187236502
351,352,0.4982741200434091,0.0016631198550574248,0.5000627601015337
352,353,0.2662644614539667,0.2802523520737918,0.45348318647224267
353,354,0.3816437931605578,0.20298806181703552,0.4153681450224069
354,355,0.44552449098510827,0.0873439231281986,0.4671315858866935
355,356,0.08164456586611374,0.43528164248383494,0.4830737916500514
356,357,0.38349370631426516,0.08292685047460838,0.5335794432111259
357,358,0.46529924226378566,0.023090210469262212,0.511610547266952
358,359,0.33840574821621544,0.3980210658566433,0.26357318592714113
359,360,0.025045365684451752,0.4875422128452651,0.4874124214702834
360,361,0.25900322815213517,0.28333996307663706,0.4576568087712277
361,362,0.4880725478998432,0.018475508566311458,0.4934519435338454
362,363,0.5040350434589751,0.013156915350434615,0.48280804119059
363,364,0.4592125156148292,0.049167250554320044,0.4916202338308504
364,365,0.4049734260044805,0.14329420714923022,0.4517323668462891
365,366,0.20513054140737846,0.29485441771753235,0.5000150408750891
366,367,0.46924725532169237,0.13809292292018654,0.3926598217581203
367,368,0.476500965031432,0.046341532909142405,0.47715750205942586
368,369,0.39392008529963296,0.1735708821941469,0.43250903250621986
369,370,0.41462819251148864,0.1548744257851668,0.43049738170334456
370,371,0.481804154988806,0.03986069648376244,0.47833514852743175
371,372,0.4977713383132544,0.005647661830926713,0.49658099985581877
372,373,0.06699673612213602,0.5470681126677889,0.38593515121007466
373,374,0.4363765818511783,0.1313508068877349,0.43227261126108635
374,375,0.4744645277477888,0.07448669978533201,0.451048772466879
375,376,0.4309831565553982,0.11226603649251675,0.4567508069520856
376,377,0.4930505529610575,0.0059364157851811115,0.5010130312537616
377,378,0.48980139819314666,0.011923216071430006,0.4982753857354233
378,379,0.4384605699472758,0.12587403196459124,0.43566539808813276
379,380,0.39989556010788085,0.4813492187046686,0.11875522118745127
380,381,0.45115881475993364,0.07729169990759542,0.4715494853324708
381,382,0.3488496395163304,0.27219218939769785,0.3789581710859719
382,383,0.32282278707197054,0.2959157125885668,0.38126150033946254
383,384,0.00013788033521523502,0.5000518955574514,0.49981022410733345
384,385,0.3588809267063967,0.23817320426589092,0.4029458690277124
385,386,0.35945815630378025,0.2480398918154642,0.3925019518807557
386,387,0.31282559837680657,0.31694813241323855,0.37022626920995505
387,388,0.28718095770851315,0.32895910054784716,0.3838599417436398
388,389,0.47678459301420023,0.04664697024048559,0.4765684367453143
389,390,0.49768942939421673,0.0042253396880333185,0.4980852309177496
390,391,0.49793918079254196,0.0048896036503142185,0.4971712155571439
391,392,0.4925876333916096,0.02194166226514401,0.4854707043432457
392,393,0.44395711213577194,0.11210906755216371,0.44393382031206463
393,394,0.3696004157594106,0.24491805109228634,0.3854815331483028
394,395,0.37274684217593745,0.24035033441671474,0.3869028234073479
395,396,0.381354583423809,0.2328994364612993,0.3857459801148919
396,397,0.3630701014984254,0.2684418568048892,0.3684880416966851
397,398,0.28630994321221337,0.3151692740823837,0.39852078270540275
398,399,0.22012997704003717,0.3432694533222383,0.4366005696377248
399,400,0.38249463089177804,0.2000465062691721,0.41745886283905
400,401,0.4888618737106813,0.029959215509725586,0.4811789107795937
401,402,0.4996910015783907,0.001148339379843226,0.49916065904176593
402,403,0.4974905556982961,0.0034534421513419448,0.4990560021503619
403,404,0.47535434944373994,0.04223458047430518,0.48241107008195483
404,405,0.3945196077783262,0.1620374682102052,0.4434429240114683
405,406,0.37120559668911485,0.23987714864723045,0.3889172546636547
406,407,0.3734719788750254,0.23643701585349228,0.39009100527148216
407,408,0.38812813698461607,0.212428425077017,0.3994434379383669
408,409,0.37279429693925137,0.238348171153589,0.38885753190715866
409,410,0.386097033856567,0.2052403717755752,0.40866259436785773
410,411,0.3832673725264544,0.2286925515020066,0.38804007597153867
411,412,0.3727907091354258,0.258018136728699,0.3691911541358752
412,413,0.39930101021677133,0.20979687017428095,0.3909021196089481
413,414,0.44346323448315655,0.14706533083590814,0.4094714346809353
414,415,0.4704550847435849,0.06694865244749702,0.46259626280891786
415,416,0.4376015551936391,0.13348883405769235,0.4289096107486688
416,417,0.37363122231015566,0.2522663968704041,0.37410238081944075
417,418,0.38344881226020083,0.2229012273791264,0.3936499603606725
418,419,0.42003604730911437,0.14551826322456277,0.43444568946632217
419,420,0.4575095299616808,0.08837229201598677,0.4541181780223328
420,421,0.38792339263825015,0.21955559417979473,0.39252101318195504
421,422,0.4132819242443007,0.1666010636213666,0.42011701213433256
422,423,0.4025160469284592,0.1899202761680975,0.40756367690344325
423,424,0.3806831996214109,0.23321940704644456,0.3860973933321449
424,425,0.38272830924506485,0.23227800601310472,0.38499368474183093
425,426,0.4125494401785209,0.1633707541839375,0.42407980563754166
426,427,0.4839001342375761,0.031947981003925124,0.4841518847584987
427,428,0.49988619541420487,0.0002420748421115764,0.4998717297436831
428,429,0.4353402175574106,0.13093947113764737,0.4337203113049414
429,430,0.408824812420473,0.18283468370625872,0.4083405038732678
430,431,0.4408062424356834,0.11269408963719732,0.44649966792711887
431,432,0.49175409522862173,0.013985767304991771,0.49426013746638586
432,433,0.48935217963933725,0.018687708054366935,0.49196011230629577
433,434,0.4660950041081999,0.06324004359009938,0.47066495230170097
434,435,0.42564563351202894,0.1463310476560809,0.4280233188318899
435,436,0.42195116436137475,0.14958797293375045,0.4284608627048744
436,437,0.40787462311423595,0.1772664234668257,0.41485895341893825
437,438,0.4581639694553586,0.07976325791289084,0.46207277263175084
438,439,0.4936778928785846,0.012326703302971172,0.49399540381844353
439,440,0.4929211481861545,0.018615004375487028,0.48846384743835863
440,441,0.4993657689510949,0.0008073586950429536,0.49982687235386214
441,442,0.4999543543295201,0.0002803648127865809,0.4997652808576935
442,443,0.4742693159078876,0.04355523631655216,0.48217544777556054
443,444,0.41384703886742596,0.1770775128814119,0.4090754482511616
444,445,0.4027319922251724,0.20837693955265071,0.3888910682221771
445,446,0.43862852212814457,0.1363227952542744,0.4250486826175806
446,447,0.4970423410105492,0.010277829624981914,0.4926798293644683
447,448,0.4293915412809221,0.144810611502003,0.42579784721707525
448,449,0.4216778353605099,0.16595851615809495,0.41236364848139523
449,450,0.4425284643821753,0.11572369153025014,0.44174784408757456
450,451,0.4310055335531716,0.12617752284392753,0.44281694360290086
451,452,0.4001762631045923,0.18625214712044033,0.413571589774967
452,453,0.39590461913566,0.19781395943813437,0.4062814214262059
453,454,0.49785328677125373,0.0034517256128365377,0.4986949876159094
454,455,0.49962576208265197,0.0009137023134785368,0.49946053560386966
455,456,0.4311973243691618,0.15116550427559283,0.41763717135524514
456,457,0.42904952210531283,0.14464582407559032,0.426304653819097
457,458,0.4984136686685428,0.0028875255964134635,0.49869880573504405
458,459,0.4617144881934647,0.08911272269640173,0.44917278911013375
459,460,0.4743350890479211,0.03311417218902241,0.49255073876305605
460,461,0.4959919308792136,0.03827118863094983,0.4657368804898371
461,462,0.4965375776881241,0.0018292218897223136,0.5016332004221533
462,463,0.40482062066045826,0.14458160937248712,0.45059776996705436
463,464,0.41909351276766704,0.1293923289438924,0.45151415828844066
464,465,0.49541806155456053,0.01069979657833335,0.49388214186710555
465,466,0.4995882671997627,0.0002851839026145945,0.5001265488976228
466,467,0.4693094427119291,0.060128718381942725,0.4705618389061284
467,468,0.4181830219712143,0.16657835350498829,0.41523862452379773
468,469,0.46387446384860714,0.08005724918162534,0.4560682869697677
469,470,0.4856887769497237,0.040716705065121504,0.4735945179851551
470,471,0.4780983987252492,0.06832608359113412,0.4535755176836168
471,472,0.485012079281,0.03717231195250192,0.4778156087664981
472,473,0.4384198309540538,0.1175674920578695,0.4440126769880773
473,474,0.43950954681684146,0.12331610636464747,0.4371743468185116
474,475,0.47996053700238533,0.041746905383887624,0.47829255761372746
475,476,0.4148647172846053,0.19894244721920845,0.38619283549618616
476,477,0.3705028740787467,0.2793510441560816,0.3501460817651712
477,478,0.4801237377777952,0.036768359469245504,0.4831079027529589
478,479,0.5002588026119128,0.00016047600873938245,0.49958072137934795
479,480,0.49517041053286676,0.005396689179789533,0.4994329002873434
480,481,0.4678096803771465,0.07979786484981717,0.45239245477303586
481,482,0.4760965453698898,0.0534275962158864,0.47047585841422424
482,483,0.49388730183707064,0.009961465637783561,0.4961512325251455
483,484,0.4981458993458136,0.0022056478542042666,0.4996484527999823
484,485,0.49927162239786654,0.0025268839917969976,0.49820149361033644
485,486,0.49918519369893416,0.0027109327666508753,0.49810387353441515
486,487,0.5005354912742666,0.0008080516096387688,0.498656457116095
487,488,0.3844448176465261,0.22679992502348897,0.38875525732998534
488,489,0.48425588239586537,0.035372691581752956,0.48037142602238214
489,490,0.4857851636122759,0.030776101455761803,0.483438734931962
490,491,0.47914752895096124,0.05273414081172013,0.46811833023731864
491,492,0.4570707309960689,0.09279750847614736,0.4501317605277841
492,493,0.3839229723440618,0.2201351519779876,0.39594187567795047
493,494,0.3689060129535052,0.24765950965365663,0.38343447739283804
494,495,0.38101391388247874,0.22405381618067,0.3949322699368513
495,496,0.4675692104316139,0.07588408241289034,0.45654670715549583
496,497,0.4875549933693701,0.019642286948437063,0.4928027196821928
497,498,0.47449712585791426,0.05874900838680288,0.4667538657552828
498,499,0.4038849518058232,0.19536164481425136,0.40075340337992577
499,500,0.3993784783834934,0.21091592039865042,0.3897056012178557
500,501,0.4121005839230087,0.15862017155447425,0.4292792445225174
501,502,0.49871155361117236,0.00740210852410896,0.49388633786471847
502,503,0.5000433697618827,0.0001762078191320227,0.49978042241898535
503,504,0.49984596975765166,6.59741152461176e-05,0.5000880561271022
504,505,0.500167950175086,3.597098355270563e-05,0.499796078841361
505,506,0.47525143736181136,0.03146919542022703,0.49327936721796184
506,507,0.4973022691374241,0.015603479331479521,0.4870942515310964
507,508,0.4935730836098339,0.02589135594030739,0.48053556044985857
508,509,0.4629543686585162,0.08263147941242965,0.4544141519290542
509,510,0.45794287885358814,0.04305390106137441,0.4990032200850374
510,511,0.3885954387501786,0.15723626290879641,0.4541682983410254
511,512,0.491534898731223,0.05731022614939997,0.45115487511937696
512,513,0.4709649215484889,0.11468672869269286,0.4143483497588184
513,514,0.48012383566637695,0.032076227782711055,0.48779993655091247
514,515,0.44775705040079855,0.11951987980659806,0.43272306979260367
515,516,0.48492872042815505,0.049586191736257036,0.4654850878355879
516,517,0.4965311536020458,0.0046856675176146475,0.4987831788803394
517,518,0.41310394917978327,0.16426270469588383,0.422633346124333
518,519,0.37008385748219896,0.22544812564550618,0.4044680168722946
519,520,0.23110470580877246,0.3353178661732665,0.4335774280179612
520,521,0.12333061857228095,0.3947111389351615,0.48195824249255753
521,522,0.5000888526878849,0.047453851452860074,0.45245729585925465
522,523,0.48712228463993107,0.020962701080756305,0.49191501427931233
523,524,0.39012629276214056,0.18962367534634533,0.42025003189151433
524,525,0.4056614840257286,0.19266002366124518,0.4016784923130258
525,526,0.4162269383325019,0.13195640795452546,0.45181665371297247
526,527,0.45426434339883304,0.04480189939640699,0.5009337572047596
527,528,0.42092068489481693,0.1312222441312746,0.44785707097390876
528,529,0.3234222614031289,0.23653745259420952,0.4400402860026618
529,530,0.4911769614410017,0.18580934854415054,0.32301369001484714
530,531,0.41752089695489764,0.20155225981829433,0.380926843226808
531,532,0.4386440655053353,0.16890425583138702,0.3924516786632781
532,533,0.45402380932559533,0.11707992038239669,0.4288962702920081
533,534,0.461621927735168,0.09545617993615711,0.4429218923286748
534,535,0.493494674631521,0.011184452074802445,0.49532087329367636
535,536,0.45001263482614295,0.11151503094778814,0.4384723342260685
536,537,0.46475411150486906,0.09896695948496942,0.4362789290101611
537,538,0.4824964138876332,0.05645937086565532,0.4610442152467113
538,539,0.46983220982145335,0.08983091231036056,0.44033687786818604
539,540,0.464531755360853,0.103622643323104,0.43184560131604416
540,541,0.2682166218810134,0.2970108785129964,0.43477249960598974
541,542,0.31894735956038467,0.29618859804658715,0.3848640423930283
542,543,0.4474973303794632,0.11210159678824486,0.4404010728322912
543,544,0.5707343212013803,0.15582100537939117,0.2734446734192283
544,545,0.19959215224028837,0.38916875866545,0.4112390890942617
545,546,0.4292549824122564,0.14098395319333198,0.42976106439441153
546,547,0.49425300918689796,0.01529986043086348,0.4904471303822386
547,548,0.4892266545586213,0.026735518992643217,0.4840378264487354
548,549,0.4568432697973505,0.10787153283149124,0.43528519737115756
549,550,0.4664381557087955,0.10463118651039116,0.428930657780814
550,551,0.4474608179012597,0.144771615987018,0.40776756611172216
551,552,0.48223773318166485,0.10176948287475364,0.4159927839435818
552,553,0.43857791544779123,0.11811470845542993,0.4433073760967792
553,554,0.4985398857330948,0.009380912522257947,0.4920792017446475
554,555,0.4953304515244906,0.010654261647032441,0.49401528682847695
555,556,0.4762396030137731,0.0572104960213669,0.4665499009648604
556,557,0.49250869461813196,0.012466599717931268,0.4950247056639365
557,558,0.4925090777353875,0.016432766219895468,0.4910581560447175
558,559,0.48232337543971393,0.03166439815314381,0.486012226407142
559,560,0.5071432345766668,0.006517882831197877,0.4863388825921353
560,561,0.4602382442550686,0.08110463703529046,0.4586571187096415
561,562,0.49551440091138554,0.012197746493207194,0.4922878525954073
562,563,0.4835227167939025,0.045174888079072564,0.47130239512702454
563,564,0.4980951094594382,0.001804776833503745,0.500100113707058
564,565,0.3439966028143317,0.293600043109155,0.36240335407651364
565,566,0.2713209978595273,0.27409630766240084,0.454582694478073
566,567,0.4450803722704503,0.0701514368333222,0.4847681908962278
567,568,0.44738074030816194,0.07174694336522587,0.48087231632661204
568,569,0.3805090627482789,0.2492645524573786,0.37022638479434206
569,570,0.4209031129320483,0.13123271469386097,0.44786417237409104
570,571,0.4051035544644032,0.16107977681725327,0.43381666871834407
571,572,0.40017747194085634,0.17423254754882384,0.4255899805103199
572,573,0.4049863210384255,0.1701684017532837,0.42484527720829063
573,574,0.4132725193844177,0.19041194415895712,0.3963155364566253
574,575,0.47484391504218787,0.04326905192533258,0.4818870330324804
575,576,0.468041669499326,0.06308125118069545,0.4688770793199786
576,577,0.4620508256910094,0.08423937278699688,0.4537098015219938
577,578,0.47145364741020174,0.05026690959989961,0.4782794429898982
578,579,0.49329358765591763,0.010368707778246762,0.49633770456583504
579,580,0.49528044208872335,0.0018435567003928129,0.5028760012108838
580,581,0.41528361607945385,0.07265842554250662,0.5120579583780398
581,582,0.4382312240950733,0.08781149396792855,0.4739572819369979
582,583,0.3877226520657933,0.20741234681846077,0.40486500111574575
583,584,0.48512389353473506,0.018411768343646953,0.4964643381216178
584,585,0.3963819322168845,0.21056870354550292,0.3930493642376122
585,586,0.41997450424719723,0.16113649317064987,0.41888900258215295
586,587,0.45279497617425213,0.11251912903058164,0.4346858947951661
587,588,0.42283668509842415,0.14796481647433332,0.42919849842724267
588,589,0.4735851749983909,0.05666013160632116,0.46975469339528764
589,590,0.499847898332084,0.003205841744666271,0.4969462599232499
590,591,0.49858986725067306,0.00035254603554734325,0.5010575867137794
591,592,0.5000543855304042,5.5433219951707695e-05,0.49989018124964396
592,593,0.41627221798615477,0.15957574017598997,0.4241520418378548
593,594,0.3826791606263239,0.24165930453758502,0.375661534836091
594,595,0.34716183882120333,0.15931647561943516,0.4935216855593614
595,596,0.5468218965977459,0.014168578795797825,0.43900952460645615
596,597,0.47367649717759464,0.34638230586282465,0.17994119695958005
597,598,0.47477197335878374,0.05149156973368153,0.47373645690753463
598,599,0.4476301329136038,0.10266421180108548,0.4497056552853107
599,600,0.4312680844962706,0.13583523848739415,0.43289667701633516
600,601,0.5032013789966299,0.012291193761443777,0.4845074272419263
