,Window_Index,Loading_Temperature_Prop,Loading_force_Prop,Loading_Voltage_Prop
0,1,0.34114361825319317,0.41212939468306814,0.2467269870637388
1,2,0.4845233102814129,0.3572913719944844,0.15818531772410274
2,3,0.2866295533361742,0.3050742788508356,0.40829616781299005
3,4,0.48412259586672807,0.002222040265351543,0.5136553638679203
4,5,0.04496141450206865,0.43340139295474617,0.5216371925431847
5,6,0.23578407373049856,0.5893149498215401,0.17490097644796082
6,7,0.4966947456110383,0.5031104113887856,0.00019484300017611974
7,8,0.49604289778535243,0.4978387579015724,0.006118344313075528
8,9,0.30993561411194953,0.41600150905320815,0.27406287683484276
9,10,0.039600624415515644,0.5007113404585788,0.45968803512590567
10,11,0.5108646182066318,0.47168488063925607,0.017450501154112258
11,12,0.47169861845219513,0.48396676603666194,0.044334615511143184
12,13,0.48815064930752616,0.49140066315940406,0.020448687533069318
13,14,0.4514564491560675,0.4854190440932974,0.06312450675063488
14,15,0.4937129304079413,0.5003814125377608,0.0059056570542975135
15,16,0.4998028717404051,0.4999432491730359,0.0002538790865582627
16,17,0.48137173706971503,0.47491710182273106,0.04371116110755478
17,18,0.45220475393165144,0.4093755839755405,0.13841966209280768
18,19,0.4771725457127058,0.48193384360065866,0.04089361068663547
19,20,0.42638507293841144,0.08758985312590388,0.4860250739356848
20,21,0.5031337613414253,0.47182652196224517,0.025039716696329515
21,22,0.4630485670562442,0.34057679264379326,0.1963746402999627
22,23,0.49917458641384954,0.48655324674919237,0.014272166836957475
23,24,0.36230410036702104,0.3697579425772842,0.26793795705569434
24,25,0.42454175634354435,0.4413037476906104,0.1341544959658451
25,26,0.4952123581148752,0.5019693879776461,0.0028182539074790704
26,27,0.4727703536496912,0.5196211609516939,0.0076084853986155415
27,28,0.49800459765600047,0.4500749550387163,0.05192044730528247
28,29,0.4999721645301429,0.5000084425699911,1.9392899865764074e-05
29,30,0.47401154105054805,0.4787111168196592,0.04727734212979293
30,31,0.49630616971810526,0.4759409884751374,0.0277528418067575
31,32,0.272533075000225,0.6016328046845241,0.1258341203152517
32,33,0.2961347016656605,0.44867543478682986,0.2551898635475094
33,34,0.4708549348489687,0.4889176231664648,0.04022744198456733
34,35,0.5026069676384953,0.48972178208745315,0.007671250274051613
35,36,0.18934780509508262,0.5259507932572516,0.284701401647666
36,37,0.2443935224327037,0.5102095019306835,0.245396975636613
37,38,0.48137505270827186,0.48341309364333346,0.03521185364839504
38,39,0.500221316036228,0.49975645391979473,2.2230043977454415e-05
39,40,0.4460662970290802,0.48519776703825274,0.06873593593266726
40,41,0.5001744318892916,0.49979443353880376,3.113457190492845e-05
41,42,0.46474535373565573,0.4562857979683007,0.07896884829604282
42,43,0.4871103067057252,0.49387289342510493,0.01901679986916991
43,44,0.48249931241509025,0.48873931885724825,0.028761368727661173
44,45,0.48533046181697037,0.5055976726923517,0.009071865490677868
45,46,0.4932133034038064,0.5054284630811047,0.0013582335150878642
46,47,0.40263401464314014,0.5006232308475242,0.09674275450933491
47,48,0.41609272665402713,0.4993366426351871,0.08457063071078605
48,49,0.38678298960678,0.39024328537363334,0.2229737250195863
49,50,0.32638689079396827,0.35124644578503716,0.3223666634209942
50,51,0.30667778494754216,0.3692231996074322,0.32409901544502523
51,52,0.2647586692496929,0.40357992084396777,0.33166140990633897
52,53,0.33019459640401266,0.3672867181453777,0.3025186854506094
53,54,0.33806414433541976,0.32856437374198627,0.33337148192259414
54,55,0.3524015627007047,0.3029705576922938,0.3446278796070009
55,56,0.373565216394874,0.23759855919401854,0.38883622441110793
56,57,0.435589919896673,0.14823476600174976,0.41617531410157743
57,58,0.42102702129112607,0.2072614215758338,0.37171155713304044
58,59,0.4370632966053691,0.15722512982103465,0.40571157357359644
59,60,0.43158407438482405,0.1488921926599803,0.41952373295519574
60,61,0.40382247449802794,0.1955929348559562,0.40058459064601576
61,62,0.38363784005000123,0.23768617460383076,0.3786759853461679
62,63,0.3989771873337376,0.20494003016215212,0.39608278250411066
63,64,0.49993533293538306,0.0007064694313944337,0.49935819763322253
64,65,0.49887711701590065,0.001716763786469717,0.4994061191976294
65,66,0.4893625481791962,0.018380954249231692,0.4922564975715719
66,67,0.49960485436769253,0.0020971571587926007,0.4982979884735148
67,68,0.4954439268405525,0.011641476467035011,0.4929145966924123
68,69,0.4983885178270818,0.0054995613156775276,0.49611192085724093
69,70,0.4270632609535474,0.14873237220844845,0.4242043668380042
70,71,0.39672928982635564,0.21009194687684157,0.39317876329680235
71,72,0.3988684683952117,0.1892192689016245,0.4119122627031636
72,73,0.3967133349423471,0.20770210170303813,0.395584563354614
73,74,0.48745266334382176,0.0231298954788662,0.48941744117731206
74,75,0.49948653589804576,0.0006689891977646711,0.49984447490419004
75,76,0.4786332970883732,0.04068384666200836,0.48068285624961765
76,77,0.40277071473193043,0.19147209904585405,0.4057571862222156
77,78,0.3882009224569756,0.22064313198594396,0.39115594555708094
78,79,0.4516230462554117,0.11214772378765778,0.43622922995693003
79,80,0.4923948448009047,0.01804440897222611,0.48956074622686974
80,81,0.49622345076969593,0.013510942979712724,0.4902656062505911
81,82,0.4880871765931022,0.011215139374791969,0.5006976840321065
82,83,0.499081579138523,0.07057901783967979,0.430339403021797
83,84,0.5008013283349539,0.057080269557753624,0.4421184021072924
84,85,0.5000800749429619,0.00022143415422132918,0.49969849090281665
85,86,0.4715298917667426,0.048188630003234915,0.4802814782300229
86,87,0.37116092073530693,0.30402070687788885,0.3248183723868044
87,88,0.41987517445005007,0.16748130179122925,0.4126435237587207
88,89,0.44351628194916554,0.31460470070847535,0.24187901734235898
89,90,0.4092253564916506,0.5058015469570706,0.08497309655127919
90,91,0.4774665596664507,0.18058575064487578,0.34194768968867373
91,92,0.4480653835933529,0.0605313878425747,0.491403228564072
92,93,0.26607995668021717,0.37841344390254383,0.35550659941723833
93,94,0.45002129612830144,0.510691942400349,0.039286761471349456
94,95,0.5202924174673379,0.4403279938877313,0.03937958864493047
95,96,0.5311251090199406,0.031184098368104637,0.43769079261195465
96,97,0.4651446605055499,0.520258003313088,0.014597336181362271
97,98,0.47053946834400945,0.2952571852796857,0.234203346376305
98,99,0.3990159315923602,0.2657934568477911,0.33519061155984925
99,100,0.46739865334006186,0.22794533978146433,0.3046560068784739
100,101,0.5012292104016826,0.0016046024425044492,0.49716618715581307
101,102,0.3777769370304464,0.19330743657773705,0.42891562639181646
102,103,0.4248319788595114,0.1598172777367358,0.415350743403753
103,104,0.4001420071647223,0.07556409617397811,0.5242938966612993
104,105,0.4551119821849026,0.09957393499486251,0.4453140828202351
105,106,0.47823184743868646,0.11351307480385342,0.4082550777574601
106,107,0.4609296889322546,0.200360715316123,0.3387095957516226
107,108,0.37681045133474106,0.3858167530399597,0.23737279562529912
108,109,0.2893800956431374,0.42231048035582763,0.28830942400103476
109,110,0.2721273169044973,0.4294396023466111,0.29843308074889147
110,111,0.30985685523418277,0.44172627540324444,0.2484168693625733
111,112,0.40298242221596076,0.1317124260222013,0.4653051517618374
112,113,0.42983839526846807,0.23956955188251608,0.33059205284901594
113,114,0.47062858233062715,0.19251289034169253,0.33685852732768085
114,115,0.49046191415472007,0.4949132128261612,0.014624873019119878
115,116,0.49025861633483303,0.5034480348468953,0.006293348818271476
116,117,0.4759011431436726,0.2716072874800428,0.2524915693762846
117,118,0.26133982614842133,0.23585330218675427,0.5028068716648246
118,119,0.3957881762499342,0.32615052341116363,0.27806130033890236
119,120,0.31316375314658146,0.22114848031257553,0.46568776654084393
120,121,0.28589001100188227,0.5587536359491655,0.15535635304895234
121,122,0.4820086710789074,0.49888591959696355,0.01910540932412882
122,123,0.4243444083535885,0.3587175677126516,0.2169380239337598
123,124,0.4214830366119204,0.4701593490429826,0.1083576143450966
124,125,0.4596600108186867,0.4660361533006306,0.07430383588068244
125,126,0.42052247810031157,0.2782380618635281,0.3012394600361601
126,127,0.46713037755276465,0.17376307599398136,0.3591065464532536
127,128,0.4915722816120268,0.4410837181528198,0.06734400023515387
128,129,0.5179502957248637,0.4682039880168832,0.013845716258253558
129,130,0.4629834065129564,0.4549765130694437,0.08204008041759951
130,131,0.4985340781693174,0.45152415431861515,0.04994176751206718
131,132,0.48458324568314115,0.43529372453971743,0.08012302977714131
132,133,0.33197415159632665,0.19814010587762976,0.4698857425260436
133,134,0.4756237835353965,0.4407459289475935,0.08363028751700992
134,135,0.31128532420357824,0.3084107771065581,0.3803038986898637
135,136,0.5002411099379411,0.4982637222263214,0.0014951678357375453
136,137,0.5215679566568948,0.23083061032121135,0.24760143302189372
137,138,0.46828941354234127,0.22689881001736723,0.3048117764402915
138,139,0.46032277974517305,0.26351717316211276,0.27616004709271413
139,140,0.4833705892617304,0.3242586920096127,0.19237071872865635
140,141,0.4998045138460994,0.003337976376031174,0.4968575097778698
141,142,0.5063392859863407,0.06128100317109511,0.4323797108425643
142,143,0.5143946737868865,0.0589527620756758,0.42665256413743735
143,144,0.49530570933192253,0.1891709895109032,0.31552330115717464
144,145,0.502974980241575,0.49410769889908257,0.0029173208593425005
145,146,0.26353501043074046,0.14468913357478771,0.5917758559944718
146,147,0.3715947696260059,0.550860804717204,0.0775444256567898
147,148,0.5772820740428115,0.03725534502813722,0.38546258092905117
148,149,0.4966084166331786,0.5003632902005112,0.0030282931663104867
149,150,0.4955963559997633,0.004425473893358225,0.4999781701068789
150,151,0.2938502581396062,0.24266605322037743,0.4634836886400158
151,152,0.24737467021167095,0.27576462137872026,0.4768607084096084
152,153,0.49548215238089366,0.08219168251752074,0.4223261651015858
153,154,0.5099366956199137,0.026444457167688205,0.4636188472123981
154,155,0.4382750054325302,0.2704212174570718,0.29130377711039795
155,156,0.4865479306146572,0.04767682888563027,0.46577524049971253
156,157,0.4915423062306743,0.006721137198994203,0.5017365565703311
157,158,0.4684383076962091,0.1435704686575812,0.38799122364620986
158,159,0.4563432142050411,0.12668699118155885,0.4169697946134006
159,160,0.5069939611239203,0.16994704237418312,0.3230589965018962
160,161,0.4829268787323566,0.0026122205014635492,0.5144609007661795
161,162,0.5025327342302427,0.4974158633057458,5.140246401153272e-05
162,163,0.5116288134505244,0.0068608147688991135,0.48151037178057676
163,164,0.4549762494941092,0.15802903534039706,0.38699471516549366
164,165,0.5002649581002908,0.017353709231576347,0.482381332668133
165,166,0.546285341412346,0.09847253468270085,0.35524212390495286
166,167,0.024523722749111344,0.4229789866799939,0.5524972905708943
167,168,0.24598007445891745,0.39245404682117085,0.3615658787199109
168,169,0.48411650486431435,0.02234371712881117,0.4935397780068741
169,170,0.501274318301427,0.0006936367049504463,0.4980320449936227
170,171,0.48078438461418566,0.1848536959031763,0.33436191948263816
171,172,0.44158003316870714,0.14222486915030413,0.4161950976809887
172,173,0.23652813042422205,0.46268034666837615,0.3007915229074015
173,174,0.36514274652932915,0.24156803622519724,0.39328921724547355
174,175,0.5030022810278454,0.2380377266867667,0.2589599922853886
175,176,0.47178319235927657,0.4040148604286564,0.1242019472120679
176,177,0.4072933837065775,0.23398054249863517,0.35872607379478716
177,178,0.08838739023086085,0.6182651927699367,0.29334741699920297
178,179,0.49928970508514514,0.004306301145444322,0.496403993769411
179,180,0.501556611380841,0.044770664174798316,0.45367272444436046
180,181,0.43052459985932645,0.2369178459254249,0.332557554215249
181,182,0.3582533553982811,0.09257833915181256,0.5491683054499062
182,183,0.4051026143700621,0.20467416422895887,0.3902232214009792
183,184,0.46659453322534145,0.22295543483669394,0.3104500319379647
184,185,0.4226907485525779,0.19797860230295722,0.3793306491444652
185,186,0.5192796703266539,0.09167267117966227,0.3890476584936843
186,187,0.5295294747578768,0.20334311706445382,0.26712740817766967
187,188,0.44276295481006467,0.28805004476221696,0.26918700042771815
188,189,0.43640105545066793,0.029716548874570457,0.5338823956747616
189,190,0.366416303004059,0.259799809723114,0.37378388727282796
190,191,0.5007488918266265,8.470403470763349e-05,0.49916640413866586
191,192,0.47840120687766396,0.19847617897212555,0.3231226141502106
192,193,0.18680415582389057,0.31268305512060895,0.5005127890555005
193,194,0.48803475346772185,0.15239755854271628,0.35956768798956135
194,195,0.5006289041367991,0.041726002927344685,0.4576450929358564
195,196,0.4986643942254145,0.5011444316514881,0.00019117412309786739
196,197,0.473060454146097,0.2638841855382497,0.2630553603156539
197,198,0.5239135131031142,0.25759762048011026,0.21848886641677515
198,199,0.5029431400541381,0.12678790086035555,0.3702689590855061
199,200,0.4713737264304569,0.0521885107617238,0.4764377628078193
200,201,0.4993721898210024,0.0016554339860251157,0.49897237619297263
201,202,0.4843008419237847,0.03038773706170247,0.48531142101451274
202,203,0.4233365805821274,0.13177112516506184,0.4448922942528106
203,204,0.4470584930038125,0.5356411167366298,0.017300390259557572
204,205,0.5106009016017764,0.4028406401769529,0.0865584582212711
205,206,0.4840795573974713,0.47173179911500973,0.04418864348751942
206,207,0.4803175069852475,0.28125621355007635,0.23842627946467648
207,208,0.47465975446323455,0.22139460360195795,0.3039456419348073
208,209,0.5128168235749414,0.012926128160245033,0.4742570482648137
209,210,0.47208907273186107,0.00873031645350166,0.5191806108146373
210,211,0.4513803414904429,0.5414572561944659,0.007162402315091266
211,212,0.2763889534405306,0.32124824886904985,0.40236279769041994
212,213,0.47777276841988175,0.061089852665912985,0.4611373789142052
213,214,0.44491822795982855,0.37562833674467555,0.17945343529549587
214,215,0.4830257947835604,0.052469021080274916,0.46450518413616526
215,216,0.5023495942779932,0.013222855314378654,0.48442755040762847
216,217,0.06462069941344839,0.4232901668425857,0.5120891337439658
217,218,0.5249686051440622,0.057122235893057156,0.41790915896288067
218,219,0.41889148035124,0.3048823236799335,0.2762261959688271
219,220,0.4466068064752672,0.05502882082490576,0.49836437269982703
220,221,0.492851719375174,0.03889025196298029,0.4682580286618457
221,222,0.5025689542934174,0.06921448291503284,0.42821656279154946
222,223,0.4707564418885477,0.2605222911623002,0.268721266949152
223,224,0.41249984869597883,0.2645974178418141,0.32290273346220694
224,225,0.47756779119722814,0.013735548847380732,0.5086966599553909
225,226,0.5001259895737786,0.0035999915154951135,0.4962740189107262
226,227,0.4932708950962194,0.01983836672844723,0.48689073817533307
227,228,0.5033716004293642,0.0285941169685573,0.46803428260207863
228,229,0.280475167820553,0.29489410103558544,0.42463073114386196
229,230,0.4092209630007788,0.1878672135697925,0.4029118234294286
230,231,0.31278055913254293,0.2401464369544315,0.4470730039130256
231,232,0.4591227994868863,0.041549536341842476,0.499327664171272
232,233,0.4609738449242785,0.05584673749636611,0.483179417579355
233,234,0.3546020268118136,0.4688488464223673,0.17654912676581963
234,235,0.42548277583845395,0.12086364156858878,0.4536535825929575
235,236,0.18567197695229432,0.3084533740181484,0.5058746490295579
236,237,0.49383489349430204,0.011004210610813069,0.49516089589488455
237,238,0.47984423684039296,0.022293807218868335,0.49786195594073873
238,239,0.47111701733039457,0.04547415324634799,0.483408829423258
239,240,0.4836225623900763,0.13798490876670563,0.3783925288432174
240,241,0.4262940046591704,0.4535607420596807,0.12014525328114879
241,242,0.38519621021423006,0.12570810908189806,0.4890956807038717
242,243,0.12925051928899972,0.6091779650547763,0.26157151565622433
243,244,0.4776077630319012,0.16507537426399305,0.3573168627041063
244,245,0.5014983002070252,0.0422359080547499,0.456265791738225
245,246,0.49627848226447924,0.04969008168953407,0.45403143604598656
246,247,0.5086304727373129,0.033988696018695905,0.4573808312439911
247,248,0.413193023577133,0.18503395572806922,0.40177302069479814
248,249,0.3978056586613296,0.3310534057446615,0.27114093559400887
249,250,0.4842076887249138,0.041054267635477065,0.47473804363960903
250,251,0.40592538696006075,0.1632092273161544,0.43086538572378436
251,252,0.5018593626170241,0.0007768190530605695,0.4973638183299149
252,253,0.5752026913097911,0.07244140294898001,0.35235590574122877
253,254,0.42871149579307893,0.3655786665070526,0.20570983769986897
254,255,0.532339765707372,0.03959935331839822,0.4280608809742291
255,256,0.19488651366196846,0.6189877684415745,0.1861257178964578
256,257,0.00467067255313042,0.5100326610239447,0.4852966664229242
257,258,0.47579920904454,0.19257832040935963,0.3316224705461011
258,259,0.47859737433431915,0.07033304250562435,0.4510695831600569
259,260,0.5022443450973164,0.013165897035368385,0.48458975786731556
260,261,0.44008763597141126,0.1727803745610977,0.3871319894674913
261,262,0.47317019891330947,0.02016148977679229,0.5066683113098988
262,263,0.34993556402108317,0.48353878399844163,0.16652565198047448
263,264,0.49788387593416317,0.000489311257040677,0.5016268128087958
264,265,0.49726885874843363,0.00821790242684443,0.49451323882472215
265,266,0.43490027212470694,0.15122818396056217,0.4138715439147312
266,267,0.2837855486727358,0.31240838120178055,0.40380607012548303
267,268,0.4891958541766051,0.028846786674500392,0.48195735914889354
268,269,0.49477371016760735,0.49982720770042816,0.005399082131964437
269,270,0.5002550659335991,1.420576644571849e-05,0.4997307282999553
270,271,0.3418027082810677,0.1393484154062156,0.5188488763127166
271,272,0.3656589558302764,0.4152972284055408,0.21904381576418203
272,273,0.4553727320936009,0.044339044136826676,0.5002882237695729
273,274,0.4906086405660087,0.01597753474060109,0.49341382469339
274,275,0.46524463415999195,0.08354619364372297,0.4512091721962853
275,276,0.4530417135300266,0.04638391876526595,0.5005743677047076
276,277,0.4599033264212399,0.01814809403722207,0.5219485795415382
277,278,0.5001538478382739,0.00011357932029045531,0.4997325728414355
278,279,0.43231297748771613,0.14387895884071503,0.42380806367156815
279,280,0.4792530034786046,0.05353597859517439,0.4672110179262209
280,281,0.41833277069431535,0.17212527622731116,0.4095419530783735
281,282,0.3115979603190499,0.27365792359411156,0.414744116086839
282,283,0.35018356450232757,0.20965881301526498,0.4401576224824072
283,284,0.4110631191343948,0.19770352226689852,0.3912333585987072
284,285,0.4250208200538554,0.15189986822630577,0.4230793117198394
285,286,0.44127118824031564,0.12214419753513915,0.43658461422454525
286,287,0.5248625930665142,0.47297258987353735,0.00216481705994822
287,288,0.4999046636432722,5.706765376879455e-05,0.5000382687029592
288,289,0.49518137293017095,0.04397646521607371,0.46084216185375537
289,290,0.5003878483201921,0.001394301363192303,0.49821785031661536
290,291,0.50052782196814,0.0022978493922197144,0.49717432863964073
291,292,0.44044882628244814,0.0952756637965718,0.46427550992097916
292,293,0.39429760243112283,0.19962719617407662,0.40607520139480086
293,294,0.5241767929574466,0.007919002404084824,0.467904204638469
294,295,0.4885577255985212,0.03113066539319302,0.48031160900828584
295,296,0.453320357295669,0.10604507212268877,0.4406345705816421
296,297,0.45692049581077354,0.1173176219650806,0.4257618822241463
297,298,0.4841947655709225,0.045503195208580594,0.47030203922049746
298,299,0.4733402590912208,0.06786097919182744,0.4587987617169518
299,300,0.5105631918046284,0.011982013298439774,0.47745479489693204
300,301,0.3045983335057707,0.24882657113858492,0.4465750953556442
301,302,0.38440235798074385,0.10290890159712929,0.5126887404221268
302,303,0.482892209307856,0.06030930155931821,0.45679848913282567
303,304,0.4848642817168524,0.029047674826192197,0.48608804345695517
304,305,0.5016220997906039,0.004068699759279316,0.4943092004501167
305,306,0.44644818368015227,0.07542618053235152,0.47812563578749606
306,307,0.49233300143972897,0.03539874310334305,0.472268255456928
307,308,0.480727681452205,0.034586389284130756,0.48468592926366466
308,309,0.48792473235936595,0.00419760808033409,0.5078776595603002
309,310,0.4735316321862602,0.04175935731963951,0.48470901049410037
310,311,0.14695736060883235,0.4244146967189899,0.42862794267217863
311,312,0.4881022520974567,0.013580361896831346,0.49831738600571224
312,313,0.45712202754496445,0.07205745107847565,0.47082052137656033
313,314,0.4971167879463123,0.004356348332271186,0.49852686372141664
314,315,0.4381080753258296,0.06835558708046546,0.493536337593705
315,316,0.385870896353317,0.1587331603485821,0.4553959432981013
316,317,0.48437109048358984,0.03136024253507101,0.4842686669813396
317,318,0.4467976749679417,0.08873873553111432,0.46446358950094413
318,319,0.4625888242563536,0.060687307130404516,0.47672386861324106
319,320,0.4984902498068399,0.00021900412183935454,0.5012907460713207
320,321,0.49954412958405797,9.284152364618459e-05,0.5003630288922963
321,322,0.4905945279855222,0.03007647150262996,0.4793290005118476
322,323,0.3935387758350358,0.27397594185411717,0.33248528231084723
323,324,0.46204583493854473,0.09327189460386437,0.44468227045759084
324,325,0.4801842419427767,0.0028476344934479226,0.5169681235637754
325,326,0.4671548851651069,0.07162974451468969,0.4612153703202032
326,327,0.46590564632590503,0.06018651158517284,0.47390784208892195
327,328,0.4251119546075647,0.13956811915033054,0.4353199262421048
328,329,0.4274135797076568,0.12088475406677067,0.45170166622557245
329,330,0.31391792272545854,0.23458224592729807,0.451499831347244
330,331,0.4741401743334839,0.04255851095887977,0.48330131470763643
331,332,0.4855686867749825,0.0310573881254049,0.48337392509961286
332,333,0.4575486691411498,0.10226866374129875,0.4401826671175512
333,334,0.4736960768477106,0.06264135158826713,0.46366257156402224
334,335,0.487912314463069,0.035379816495306124,0.476707869041625
335,336,0.4255742766785714,0.1333820680638411,0.4410436552575875
336,337,0.49874925734193026,0.004863659925198831,0.4963870827328708
337,338,0.4747561706727942,0.052649108592966974,0.47259472073423825
338,339,0.4805068310386981,0.035693228945989856,0.4837999400153119
339,340,0.4864826394498652,0.022147124140067278,0.4913702364100676
340,341,0.49906891169301953,0.002010957206919544,0.4989201311000611
341,342,0.4460176897446584,0.10031826619147036,0.45366404406387145
342,343,0.40311267837411535,0.22093959160795748,0.37594773001792675
343,344,0.4416892128626292,0.0981578486114831,0.4601529385258873
344,345,0.47324864943774625,0.05841011044411087,0.4683412401181425
345,346,0.49800898751641737,0.005879834905279345,0.49611117757830364
346,347,0.49898220197250015,0.0015020106201715597,0.4995157874073283
347,348,0.4134941807069577,0.09851787855703054,0.4879879407360116
348,349,0.4335653108228408,0.08865678456954601,0.4777779046076133
349,350,0.32813600387937103,0.2821038278078921,0.389760168312737
350,351,0.38380408236724506,0.19281856774765693,0.42337734988509795
351,352,0.4697247546713343,0.051559465183027814,0.4787157801456373
352,353,0.49963084424406545,0.00032634332055257997,0.5000428124353818
353,354,0.49890497502049946,0.0040503856043118455,0.4970446393751886
354,355,0.4563905137339747,0.08069513800169131,0.46291434826433403
355,356,0.43942307371952294,0.0956723636084219,0.46490456267205504
356,357,0.45894779321916734,0.059764593624041094,0.48128761315679164
357,358,0.44934073338025027,0.06974066974775228,0.48091859687199684
358,359,0.48494714979690556,0.018051199160235044,0.49700165104285865
359,360,0.4890365808435933,0.014985696424057825,0.4959777227323492
360,361,0.47726267192138394,0.034370013410118104,0.48836731466849836
361,362,0.4672592454456496,0.06294752798453979,0.46979322656981015
362,363,0.48270548556404724,0.04284107030206209,0.4744534441338909
363,364,0.4999012388604744,0.004957388248527951,0.4951413728909978
364,365,0.49719148049400663,0.0035727035110573882,0.4992358159949363
365,366,0.4961598066147439,0.006437166433454265,0.4974030269518022
366,367,0.4837600041287533,0.034088698681993615,0.4821512971892532
367,368,0.4613627614622206,0.08221843735131465,0.45641880118646455
368,369,0.46436114757319974,0.06443785023163788,0.4712010021951624
369,370,0.47881747273918984,0.04331228818595669,0.47787023907485354
370,371,0.47317801898354506,0.05554940436606118,0.4712725766503939
371,372,0.4304724308780081,0.2787103026952544,0.29081726642673766
372,373,0.43442816813140317,0.12582845000103812,0.43974338186755857
373,374,0.4231229110713962,0.14205067333192092,0.43482641559668295
374,375,0.4827549970097271,0.0367851807879499,0.4804598222023223
375,376,0.49740217371808193,0.008702015483097052,0.4938958107988213
376,377,0.49668181069411427,0.003724434320036566,0.4995937549858492
377,378,0.4444876616786522,0.09597193382549404,0.4595404044958532
378,379,0.3922163019744934,0.20203296543051505,0.4057507325949918
379,380,0.4520908529569002,0.10229263159588475,0.44561651544721487
380,381,0.49764545938752086,0.0027941135484224394,0.4995604270640564
381,382,0.4963538250461642,0.0040427802150449195,0.49960339473879156
382,383,0.49455819790517597,0.008731519045327079,0.4967102830494971
383,384,0.48916496900079554,0.022411403371841564,0.4884236276273634
384,385,0.43447492565854945,0.12953455310421033,0.43599052123723975
385,386,0.4999888002672641,3.7400813751991394e-06,0.5000074596513608
386,387,0.4283105393864529,0.14656298031914353,0.4251264802944033
387,388,0.369294957582251,0.2656306701174365,0.3650743723003124
388,389,0.4340154142131654,0.11358108449981177,0.4524035012870224
389,390,0.5023180399585687,0.0042667891520328256,0.49341517088939857
390,391,0.4913858605167501,0.020082457494569498,0.48853168198868013
391,392,0.48978492677118296,0.018004424567621802,0.49221064866119485
392,393,0.4476955942179176,0.0990896508203206,0.453214754961762
393,394,0.47967005234810706,0.037032791525857235,0.48329715612603485
394,395,0.4926738897063606,0.015990630167335394,0.4913354801263037
395,396,0.4999119099133087,0.00011617773285755304,0.49997191235383365
396,397,0.4972888132336611,0.00497346513765903,0.49773772162867985
397,398,0.497110988482139,0.005729667860743375,0.49715934365711756
398,399,0.45424466622868237,0.08654112348650317,0.4592142102848143
399,400,0.4905321403967897,0.020832598996397944,0.4886352606068126
400,401,0.3769208692206463,0.2435708156229412,0.3795083151564122
401,402,0.36233407093675624,0.2754571027284246,0.36220882633481905
402,403,0.41957159128053745,0.154301239537388,0.4261271691820744
403,404,0.5004628220176882,0.00044969953272168227,0.4990874784495905
404,405,0.40658204456517216,0.2596657097128322,0.3337522457219954
405,406,0.49037503966443563,0.017558973027405778,0.49206598730815837
406,407,0.4974129195310805,0.0023803769489775042,0.5002067035199421
407,408,0.4991098887248799,0.005733310869861565,0.4951568004052587
408,409,0.49790105081285757,0.0025679209611257415,0.49953102822601686
409,410,0.46209564719831997,0.07574808850249477,0.462156264299185
410,411,0.4672513260922141,0.06808996030893529,0.46465871359885125
411,412,0.48480570931176753,0.027803327488926187,0.48739096319930636
412,413,0.48552177199295515,0.0287880477829677,0.4856901802240767
413,414,0.4942291232331253,0.012949947671398116,0.4928209290954764
414,415,0.4939046850391794,0.009193179268745333,0.496902135692075
415,416,0.47846564243346795,0.04229325857764706,0.4792410989888858
416,417,0.49927707141977123,0.0014533142215359379,0.4992696143586933
417,418,0.49971969975515296,0.0004804995385184652,0.4997998007063281
418,419,0.4752762741377761,0.04070197157012919,0.48402175429209493
419,420,0.47725790070877655,0.03383468584896813,0.48890741344225547
420,421,0.44441595473457435,0.12901684657027812,0.4265671986951476
421,422,0.37358223949584274,0.22494079251358826,0.40147696799056926
422,423,0.37041604581548054,0.23502212271225073,0.3945618314722679
423,424,0.4507216018057207,0.10069635122569301,0.4485820469685857
424,425,0.4999722998216847,0.00039374228803584397,0.49963395789027953
425,426,0.49518039593411384,0.010474363143210019,0.49434524092267607
426,427,0.4998560490004293,5.2758261712935197e-05,0.500091192737858
427,428,0.49822841978314586,0.001767178155441826,0.5000044020614123
428,429,0.5012637973437062,0.004828029881493561,0.49390817277480076
429,430,0.5014144235157109,0.015358380980594975,0.4832271955036943
430,431,0.5048852053860857,0.02151022180763329,0.473604572806281
431,432,0.46892224916550024,0.10580860124441907,0.4252691495900809
432,433,0.4821086051694967,0.02664430850178466,0.491247086328719
433,434,0.48388427590710675,0.02731342497763106,0.48880229911526224
434,435,0.45653161472525766,0.08780609129912677,0.45566229397561564
435,436,0.499432780628451,0.003459087393954692,0.4971081319775942
436,437,0.47879070010956243,0.04127691784943156,0.47993238204100597
437,438,0.45200709203220085,0.09468826899431942,0.4533046389734801
438,439,0.49669698680338426,0.004742524709710652,0.49856048848690493
439,440,0.5000229489094443,5.069136218100329e-05,0.4999263597283745
440,441,0.48722428941686746,0.01901690155776074,0.49375880902537134
441,442,0.45789310103919784,0.07481203707613752,0.46729486188466485
442,443,0.4801129593129465,0.05014645046584556,0.4697405902212082
443,444,0.494800303665021,0.019082581329487005,0.48611711500549176
444,445,0.4864790590762418,0.026185166722096663,0.4873357742016613
445,446,0.47489995860076883,0.06411894044067003,0.46098110095856104
446,447,0.4925622069759354,0.02165141404347355,0.485786378980591
447,448,0.458293275594835,0.09675267257341123,0.444954051831754
448,449,0.5003386381056014,0.00014822464696265066,0.4995131372474362
449,450,0.5012549415245774,0.0002543283690496355,0.4984907301063732
450,451,0.5003308547353659,0.0012912248472725677,0.49837792041736156
451,452,0.47478643546887256,0.05815358265420843,0.46705998187691933
452,453,0.4984500821058904,0.0020294833403794905,0.499520434553731
453,454,0.40702229572707566,0.18941815356637168,0.4035595507065525
454,455,0.43940928907485705,0.11786043139242028,0.4427302795327226
455,456,0.42075609730641894,0.14851927715477015,0.43072462553881086
456,457,0.47817351859094226,0.02696591773947481,0.4948605636695831
457,458,0.4649387076580908,0.07329126768436191,0.4617700246575474
458,459,0.4548942129176828,0.09743337134468025,0.44767241573763716
459,460,0.4475476597948493,0.10698780377624077,0.4454645364289097
460,461,0.4322360863247688,0.11331020090855312,0.4544537127666778
461,462,0.5027415714075562,0.019955838103312924,0.47730259048913093
462,463,0.49832283629245816,0.006022360140537951,0.4956548035670043
463,464,0.49696573461209304,0.008378201428684645,0.4946560639592222
464,465,0.4993318975926272,0.013495716695344193,0.48717238571202837
465,466,0.4796534656220117,0.04122904798255281,0.4791174863954354
466,467,0.4967786692063591,0.033573686468267576,0.4696476443253734
467,468,0.5089811889392333,0.011480768152566864,0.4795380429081998
468,469,0.4837470526429421,0.010724024465967506,0.5055289228910904
469,470,0.4703396794828591,0.055386950514074294,0.47427337000306613
470,471,0.49628082433080883,0.005178528826040489,0.4985406468431507
471,472,0.4958598742762515,0.02234673381607758,0.48179339190767084
472,473,0.4988219448403498,0.016226881818372053,0.48495117334127785
473,474,0.4921335422800064,0.022588287320308986,0.4852781703996844
474,475,0.456434525158502,0.0864387791262976,0.4571266957152011
475,476,0.48555724183341636,0.02606718071390451,0.48837557745267945
476,477,0.45870165652038614,0.12707169324635043,0.4142266502332639
477,478,0.48353105327876045,0.14798026119692698,0.3684886855243132
478,479,0.432250521813791,0.17386556298623207,0.393883915199977
479,480,0.4746260115048603,0.04802716933057241,0.47734681916456717
480,481,0.47734770313787284,0.033704066455967054,0.48894823040615965
481,482,0.4998602293605916,0.0001728272963518325,0.4999669433430558
482,483,0.4457147423437053,0.10946851866909486,0.4448167389871998
483,484,0.5012365902675513,0.0010339764085476985,0.4977294333239011
484,485,0.4572063126683455,0.13461716858722086,0.4081765187444331
485,486,0.5016191559333913,0.010201977966988051,0.4881788660996204
486,487,0.5042452165597326,0.4754320062934782,0.020322777146788814
487,488,0.4894434761283631,0.02132117048443193,0.4892353533872044
488,489,0.48444085067394843,0.06400001486437265,0.451559134461679
489,490,0.49969466054184775,6.007373079926336e-06,0.5002993320850725
490,491,0.500145326749413,0.0014380533169502951,0.49841661993363723
491,492,0.4928040073088579,0.013286629864119732,0.49390936282702214
492,493,0.49978982925489546,0.00459671743251728,0.49561345331258744
493,494,0.47835165044282046,0.05446503279355741,0.4671833167636222
494,495,0.4993981156903518,0.002438600335194236,0.49816328397445425
495,496,0.49464895627056804,0.01757219987640118,0.48777884385303055
496,497,0.48701198969857235,0.03215834858923749,0.48082966171219066
497,498,0.5009883725063755,0.0008222229015332344,0.4981894045920913
498,499,0.4981352529451677,0.008119333115231272,0.4937454139396008
499,500,0.49949259111064614,0.0007574678324040505,0.4997499410569492
500,501,0.4953744942081541,0.011649035153394242,0.49297647063845174
501,502,0.49887857927948503,0.0020815919163565525,0.49903982880415865
502,503,0.47800703258287214,0.04520481750691606,0.47678814991021173
503,504,0.48322794268249425,0.0419555960449444,0.47481646127256166
504,505,0.4909935467112243,0.018171792331936273,0.49083466095683953
505,506,0.50166881909928,0.00030116135623605496,0.4980300195444844
506,507,0.5062034808814624,0.06720480647819797,0.42659171264033974
507,508,0.4724156381232106,0.062156479722344074,0.46542788215444597
508,509,0.46058924927281025,0.02760642326316384,0.5118043274640256
509,510,0.497702550873044,0.025981451010315883,0.4763159981166406
510,511,0.47561309873153906,0.07140820377687183,0.4529786974915889
511,512,0.48490520809758836,0.022623078930205136,0.49247171297220643
512,513,0.4789425437717048,0.03838479290499542,0.4826726633232996
513,514,0.47991863257614636,0.07600297348681057,0.44407839393704335
514,515,0.43944528347658723,0.13116309510923105,0.4293916214141815
515,516,0.4859437652189409,0.025715628553264872,0.48834060622779457
516,517,0.47037295900561577,0.08838728811763484,0.4412397528767491
517,518,0.4984645386542072,0.005926655586852163,0.4956088057589409
518,519,0.48142350226090447,0.05571456530336792,0.4628619324357276
519,520,0.49201534682351966,0.029058284197208642,0.4789263689792716
520,521,0.4728276866886837,0.07883912481570461,0.4483331884956119
521,522,0.46141148545861854,0.10305683938538612,0.4355316751559957
522,523,0.49412518699856295,0.017078913184706293,0.48879589981673
523,524,0.10845495197199659,0.46112621645576024,0.43041883157224337
524,525,0.5007190230553406,0.0008608998436311693,0.49842007710102804
525,526,0.47807852884501933,0.010506505318623493,0.5114149658363569
526,527,0.42043079489359186,0.14243273508729354,0.4371364700191149
527,528,0.4603766533196642,0.08911678142246367,0.4505065652578717
528,529,0.42610202883406467,0.14763268876406957,0.42626528240186573
529,530,0.48312858395768754,0.031982291793466046,0.48488912424884606
530,531,0.49439177557551384,0.010900538119427658,0.49470768630505846
531,532,0.4662671715536148,0.06519950057193742,0.46853332787444696
532,533,0.4734642925813906,0.05121537826616822,0.4753203291524401
533,534,0.5077151618353605,0.014322200771404794,0.47796263739323475
534,535,0.000157996396572996,0.49686696880859743,0.5029750347948299
535,536,0.46900502610041767,0.05755239704839028,0.47344257685119184
536,537,0.4785968519719198,0.05424206891277559,0.4671610791153042
537,538,0.49992992392872165,7.772042809458477e-06,0.500062304028469
538,539,0.46577145546059384,0.07201282577066091,0.4622157187687452
539,540,0.47233721733254974,0.052546761923910716,0.47511602074354015
540,541,0.49226090681340523,0.011979951351584387,0.4957591418350101
541,542,0.4999654313324025,2.549179859013172e-06,0.5000320194877383
542,543,0.4950880511596735,0.028260429215760753,0.4766515196245659
543,544,0.46320694610190827,0.06753534285937472,0.4692577110387171
544,545,0.44331644469208253,0.11298192926863516,0.44370162603928215
545,546,0.47719378800643353,0.049629134339089075,0.47317707765447725
546,547,0.49069254714265115,0.02260456994353552,0.48670288291381325
547,548,0.47033113444203584,0.06470545811797812,0.4649634074399856
548,549,0.4776945866490648,0.03817690022037516,0.48412851313055966
549,550,0.5001712938254703,0.0019089362992431602,0.49791976987528663
550,551,0.5013645045033488,0.0030218357534711796,0.49561365974318033
551,552,0.4550824733356099,0.13202569882863005,0.41289182783576
552,553,0.46071121773138846,0.08890547814819719,0.4503833041204144
553,554,0.48541248288513966,0.054427903758303274,0.4601596133565572
554,555,0.4700910387175026,0.16125381051026075,0.36865515077223654
555,556,0.4323184745052652,0.1662523545770434,0.40142917091769137
556,557,0.485381927867303,0.10889679383599117,0.4057212782967054
557,558,0.4774963624213223,0.08555664685326504,0.43694699072541254
558,559,0.45310394348266503,0.08644290199719626,0.4604531545201393
559,560,0.429914188224215,0.13374023978289867,0.4363455719928863
560,561,0.49559193867806606,0.007193224828943042,0.49721483649299053
561,562,0.41938364695665187,0.11620884843320017,0.464407504610148
562,563,0.47190001927227243,0.05232188632806505,0.47577809439966273
563,564,0.4981901031108964,0.003232747329043479,0.4985771495600606
564,565,0.484902797192892,0.024301080041174435,0.49079612276593315
565,566,0.47781811593951634,0.0346928780098565,0.487489006050627
566,567,0.49471760762253875,0.002080747984882209,0.5032016443925785
567,568,0.5406563404360504,0.2848820413821545,0.17446161818179542
568,569,0.42268614389681225,0.3189096120366578,0.2584042440665299
569,570,0.5046877334599789,0.014565825602188491,0.4807464409378323
570,571,0.4873117446247957,0.010307876068237295,0.502380379306967
571,572,0.4728068542128511,0.03524727827221205,0.4919458675149374
572,573,0.49923663263971063,0.024090962180747858,0.47667240517954124
573,574,0.4298541389913374,0.24498913261765604,0.32515672839100646
574,575,0.5007188674276657,6.342724200685904e-05,0.499217705330327
575,576,0.49552978423903393,0.023700554747135026,0.48076966101383073
576,577,0.5331495894920772,0.074427253267198,0.3924231572407243
577,578,0.3712688321413062,0.13372199624184228,0.49500917161685226
578,579,0.4686298889185577,0.05515871346930309,0.47621139761213976
579,580,0.5004060277720584,0.0004887838579248346,0.49910518837001705
580,581,0.49972552504406514,0.003148926293663918,0.49712554866227093
581,582,0.0073522179651743,0.5080105202085542,0.484637261826272
582,583,0.3834603149559517,0.14565116165576159,0.470888523388287
583,584,0.48573339995910736,0.11762186015322926,0.39664473988766386
584,585,0.47041044287112255,0.06775220036661533,0.4618373567622618
585,586,0.2724872481251326,0.2866620762983046,0.4408506755765625
586,587,0.2766680182171137,0.318234324220193,0.40509765756269395
587,588,0.2835368465512265,0.27846405946405856,0.43799909398471515
588,589,0.46557431814331957,0.04092842047112513,0.4934972613855552
589,590,0.301637916730951,0.27109349278269496,0.42726859048635474
590,591,0.4594276125244828,0.11235373038194285,0.4282186570935744
591,592,0.521267556581418,0.018865856747543236,0.459866586671039
592,593,0.49994222620011386,3.204979510037821e-07,0.5000574533019352
593,594,0.45674891984033517,0.08257505643705922,0.4606760237226062
594,595,0.49937253419891625,0.0008500696420229974,0.4997773961590609
595,596,0.22060313611539917,0.4198160962917621,0.3595807675928379
596,597,0.33167562965268566,0.3263203651552322,0.3420040051920825
597,598,0.47283824921167744,0.08143434764426909,0.44572740314405324
