,Window_Index,Loading_Temperature_Prop,Loading_force_Prop,Loading_Voltage_Prop
0,1,0.4445217948094092,0.4781084553835661,0.07736974980702498
1,2,0.44929979036545425,0.45987277803641646,0.09082743159812913
2,3,0.4411627378330016,0.42306215224624855,0.13577510992074954
3,4,0.46883327727029994,0.46573152366090614,0.06543519906879293
4,5,0.49039987849611394,0.501313909357124,0.00828621214676227
5,6,0.446154811190053,0.5181994442242285,0.035645744585718224
6,7,0.47592601736285634,0.4623216291627007,0.06175235347444292
7,8,0.4735527230728892,0.38165943552750353,0.14478784139960732
8,9,0.4194155007617403,0.27264046992935387,0.30794402930890513
9,10,0.4996109925543342,0.16595522368869664,0.33443378375696886
10,11,0.4854780913260142,0.4715402877008897,0.0429816209730971
11,12,0.49953787658097654,0.49769343191227317,0.002768691506750541
12,13,0.46925325482436475,0.470532723537151,0.06021402163848521
13,14,0.48447657766677193,0.48243788615847755,0.03308553617475048
14,15,0.49859645928779656,0.49922304668993933,0.0021804940222638785
15,16,0.49267432595654453,0.49245784212490223,0.014867831918553523
16,17,0.45959510997789427,0.46970991714570837,0.07069497287639781
17,18,0.4835046116061236,0.4902373018589728,0.026258086534903503
18,19,0.49550559880877726,0.48675778327553276,0.017736617915689697
19,20,0.36599313292260566,0.2848684417018288,0.34913842537556544
20,21,0.4827292738808059,0.4023818186985181,0.11488890742067585
21,22,0.41410137399333524,0.36833977696425396,0.21755884904241088
22,23,0.491674736025077,0.5017917611912318,0.006533502783691415
23,24,0.49518226668350074,0.4902903335857166,0.01452739973078348
24,25,0.43969357909642076,0.445756642067623,0.11454977883595623
25,26,0.49976158434441165,0.4998758128408654,0.0003626028147232326
26,27,0.46719862660878664,0.4497001550436827,0.0831012183475303
27,28,0.47461049955220663,0.4063969442093702,0.11899255623842354
28,29,0.5050114477904567,0.47556650912940945,0.019422043080134187
29,30,0.5254068708311548,0.39476760067162964,0.0798255284972154
30,31,0.49448730019742715,0.4777386007698884,0.02777409903268475
31,32,0.4909772593515354,0.4859141420655987,0.023108598582866048
32,33,0.467726771017404,0.4760996662745903,0.05617356270800566
33,34,0.431312756592463,0.46444940272311047,0.10423784068442668
34,35,0.50034235103837,0.4909550480489858,0.008702600912644185
35,36,0.4252508825670852,0.18572398892118602,0.3890251285117284
36,37,0.35513240855349126,0.3195729329783755,0.3252946584681334
37,38,0.3226777668346052,0.36350563177813056,0.31381660138726364
38,39,0.32696586423423935,0.34406957709814184,0.32896455866761937
39,40,0.3108519167270105,0.3433426112916961,0.34580547198129336
40,41,0.28732260913865326,0.3534439492052706,0.3592334416560764
41,42,0.2762822323925563,0.3128038627481931,0.4109139048592507
42,43,0.3759438954919625,0.2903860977841521,0.3336700067238851
43,44,0.3638252693222987,0.3404605219410988,0.29571420873660204
44,45,0.3572951399423859,0.38051462549914217,0.2621902345584715
45,46,0.3568010203341329,0.35225141337288784,0.2909475662929787
46,47,0.3719080406146148,0.34331801743486096,0.28477394195052447
47,48,0.33962147592640524,0.3286149838260654,0.33176354024752913
48,49,0.3511676482934977,0.3327145502911942,0.31611780141530843
49,50,0.44066550085367684,0.41855934058931266,0.14077515855700987
50,51,0.32665394968157463,0.3394411140654466,0.3339049362529787
51,52,0.3313292933038535,0.3336832215464931,0.3349874851496529
52,53,0.33409862388604245,0.3332268759188158,0.3326745001951415
53,54,0.3358842042998616,0.33365471847245215,0.3304610772276861
54,55,0.3775638411842706,0.3518586291303425,0.27057752968538706
55,56,0.3545841462841512,0.35174170208124556,0.29367415163460303
56,57,0.33298062258182354,0.3379792118479729,0.3290401655702035
57,58,0.3279374991349703,0.3409912175311659,0.3310712833338645
58,59,0.31243229413761964,0.3441994892832022,0.3433682165791785
59,60,0.13848031073916198,0.44203941581838513,0.4194802734424531
60,61,0.3377257298785531,0.311293921883831,0.3509803482376169
61,62,0.33495008360001843,0.3008532861430643,0.3641966302569173
62,63,0.3339739488080442,0.32445631088275295,0.3415697403092024
63,64,0.35409854653556727,0.3361351762492827,0.30976627721515076
64,65,0.3294868585324041,0.3487096882061402,0.3218034532614556
65,66,0.0812780681999496,0.46814044901059193,0.45058148278945825
66,67,0.3410912768125332,0.3694803817870526,0.2894283414004147
67,68,0.35482258388294946,0.34374596301051996,0.3014314531065307
68,69,0.3484000769064144,0.3390024533792732,0.3125974697143124
69,70,0.3585650452673966,0.3088461226983563,0.3325888320342463
70,71,0.354191014646081,0.30104693052776754,0.34476205482615174
71,72,0.3887704692229216,0.22799988430786836,0.3832296464692094
72,73,0.4317932797753289,0.1470672112419654,0.4211395089827054
73,74,0.4057211269831438,0.20026437203216382,0.39401450098469226
74,75,0.40033806900368346,0.19925859729459927,0.40040333370171616
75,76,0.3817774436676125,0.2342493603601715,0.3839731959722157
76,77,0.35803503850950974,0.2735360511228099,0.3684289103676797
77,78,0.36569628842119134,0.25243286283942334,0.38187084873938504
78,79,0.3314887073622313,0.3166670733458863,0.35184421929188225
79,80,0.3267366886829336,0.3355648481864753,0.33769846313059104
80,81,0.3314033790550016,0.33314193777582995,0.3354546831691687
81,82,0.3385103244084523,0.3290142651401691,0.33247541045137885
82,83,0.3645776196917519,0.29961789510707243,0.33580448520117534
83,84,0.4087272778703904,0.38191428495320684,0.20935843717640257
84,85,0.39021669989418134,0.41557638309906186,0.19420691700675705
85,86,0.39216460088752114,0.4011340367879569,0.20670136232452246
86,87,0.41561449925046995,0.4015476054542428,0.18283789529528674
87,88,0.4865334394787448,0.4536765616831353,0.059789998838119474
88,89,0.4509478417069971,0.4571139129320996,0.09193824536090318
89,90,0.5055610374330104,0.45148017278947195,0.042958789777517804
90,91,0.5635326832147616,0.31710699027692524,0.119360326508313
91,92,0.4826558723685713,0.012375280622567087,0.5049688470088615
92,93,0.4145425145166439,0.15865657977474568,0.4268009057086108
93,94,0.3862887694109264,0.33590692348598616,0.2778043071030877
94,95,0.4885396867951504,0.16026553573702504,0.35119477746782496
95,96,0.15162105763205824,0.28623603767266376,0.5621429046952785
96,97,0.49842475372937334,0.49167523309599476,0.009900013174631928
97,98,0.5007085110543168,0.4981579135833123,0.001133575362370907
98,99,0.2703369407062955,0.24126023829369345,0.4884028210000114
99,100,0.40814472511261246,0.40348299808389865,0.18837227680348945
100,101,0.40760075696730264,0.38029167634870625,0.2121075666839916
101,102,0.5061177613509309,0.06827815212501845,0.4256040865240505
102,103,0.4728360329579865,0.3492599565669391,0.17790401047507468
103,104,0.453308705806672,0.38110102483539376,0.16559026935793378
104,105,0.48530544817056404,0.23484625489339367,0.27984829693604213
105,106,0.29141195870323305,0.44120120055410894,0.2673868407426579
106,107,0.06523953184880782,0.3843487266501505,0.5504117415010414
107,108,0.5008014300357654,2.265698136200151e-05,0.49917591298287295
108,109,0.4269785204031598,0.3308235387349574,0.24219794086188282
109,110,0.34275088360348394,0.5174600739406744,0.13978904245584184
110,111,0.5632563034024072,0.19044704580017147,0.24629665079742152
111,112,0.48228390885825695,0.32849285819685065,0.1892232329448922
112,113,0.4348273221603228,0.3093300512572579,0.25584262658241963
113,114,0.39720820339092283,0.5429323615060543,0.05985943510302345
114,115,0.37420812682465254,0.21064137302799163,0.4151505001473564
115,116,0.5165752005208736,0.013027976815809689,0.47039682266331695
116,117,0.48240305591358645,0.47289886472811,0.04469807935830316
117,118,0.4937735722980913,0.2552768642519304,0.25094956344997826
118,119,0.40610424653804295,0.32761183235759506,0.2662839211043623
119,120,0.4048006290317801,0.34965820152093086,0.24554116944728957
120,121,0.4738380122275027,0.06375614433811976,0.4624058434343775
121,122,0.49866435304267615,0.0014899570545193342,0.49984568990280454
122,123,0.5000536614867838,8.146478977396596e-05,0.49986487372344235
123,124,0.06145456281748583,0.3683523252516007,0.5701931119309138
124,125,0.009096412241861192,0.5046285515957935,0.4862750361623454
125,126,0.3022856246839629,0.2611241191899698,0.4365902561260664
126,127,0.38598575238560096,0.3225554514744669,0.29145879613993236
127,128,0.2569917183492316,0.4783709799425903,0.2646373017081779
128,129,0.46034599642522345,0.5087852816782487,0.03086872189652816
129,130,0.45598004945203335,0.4267102288390433,0.11730972170892331
130,131,0.46789901385685156,0.4427590273758729,0.089341958767276
131,132,0.4032135484188216,0.2503108611455785,0.3464755904356003
132,133,0.4485080111217949,0.11471707305643497,0.43677491582176997
133,134,0.22409262617767822,0.448034670118453,0.32787270370386845
134,135,0.18812186100486933,0.39394725612251164,0.4179308828726196
135,136,0.3253230130826966,0.2531381109090256,0.4215388760082783
136,137,0.3411967731888064,0.5363774608149877,0.1224257659962058
137,138,0.36028122438653554,0.3054110026035443,0.3343077730099202
138,139,0.3611669571864918,0.325422089862822,0.3134109529506859
139,140,0.3363992749583555,0.4469334974484756,0.21666722759316906
140,141,0.5139361850188165,0.2761475641919981,0.20991625078918522
141,142,0.3195466767786323,0.39918058156556563,0.2812727416558019
142,143,0.48450697662519276,0.017622167712889585,0.4978708556619177
143,144,0.46846947911524683,0.035300300674204546,0.49623022021054863
144,145,0.447035200331977,0.17029765602288294,0.38266714364514015
145,146,0.4215766801795134,0.2445595888374593,0.3338637309830271
146,147,0.3931826375161493,0.2648056127542511,0.3420117497295995
147,148,0.4852004194969022,0.017736601765740188,0.49706297873735794
148,149,0.4935594383592932,0.06146254364278822,0.444978017997918
149,150,0.4597289888556242,0.3808558904714143,0.1594151206729619
150,151,0.5324187538255906,0.4079970197380852,0.059584226436324265
151,152,0.30775514539038096,0.2610728032807738,0.4311720513288447
152,153,0.39749494668374197,0.2390047791877594,0.36350027412849883
153,154,0.4038790630638826,0.2312835125836407,0.36483742435247624
154,155,0.28709799578705314,0.3189331824674978,0.39396882174544906
155,156,0.25207044663963163,0.3816275838002654,0.36630196956010297
156,157,0.14861527329546972,0.45520357810071155,0.39618114860381903
157,158,0.2805925631084903,0.30006128517265696,0.41934615171885237
158,159,0.34013558960210255,0.2722893100099076,0.38757510038799
159,160,0.36945232562103086,0.2429594991694472,0.3875881752095215
160,161,0.3537233702962049,0.23718025097636067,0.4090963787274344
161,162,0.3745389664717346,0.2451779603051793,0.3802830732230856
162,163,0.3690849774992967,0.22478213656294802,0.40613288593775526
163,164,0.09384157633849925,0.4152950105108457,0.4908634131506547
164,165,0.35545052356456086,0.1955604885438755,0.4489889878915638
165,166,0.4100463610266368,0.19657773445455384,0.39337590451880927
166,167,0.4373190501623438,0.2345085692956546,0.32817238054200176
167,168,0.4476905929178377,0.15866260910481184,0.3936467979773504
168,169,0.4562385354161515,0.14848697915255643,0.39527448543129223
169,170,0.44188874988332105,0.3802863499758667,0.1778249001408133
170,171,0.40215089615374056,0.2541850946305493,0.34366400921570944
171,172,0.38709311558007137,0.33580779763861723,0.27709908678131107
172,173,0.37136480468988964,0.3646658418489839,0.26396935346112654
173,174,0.3739825314203427,0.35266692079444834,0.2733505477852091
174,175,0.4422164814765949,0.1580843894646983,0.3996991290587067
175,176,0.45973644229513166,0.06915003505606131,0.47111352264880646
176,177,0.4671426797378647,0.06759994116936299,0.4652573790927722
177,178,0.44084915484817355,0.1510343244157226,0.40811652073610377
178,179,0.4025125866651442,0.2728485061081698,0.3246389072266856
179,180,0.37538951827722733,0.3156712865764309,0.30893919514634216
180,181,0.39172448122519626,0.2589704604498373,0.34930505832496644
181,182,0.4020697929095652,0.2838251645007517,0.31410504258968336
182,183,0.41557688022298805,0.3585479698329935,0.2258751499440188
183,184,0.3865056916548139,0.2763512883894845,0.3371430199557018
184,185,0.38825119972734845,0.3206483317825723,0.29110046849007903
185,186,0.3911061651646073,0.37022168174303977,0.23867215309235276
186,187,0.42236784087755036,0.4167321004389077,0.16090005868354237
187,188,0.4731948104740022,0.4867803775026321,0.040024812023365636
188,189,0.42733881007997504,0.3001522400993498,0.2725089498206743
189,190,0.46142749168675157,0.1576901266187363,0.3808823816945122
190,191,0.48950151101046663,0.04670281321360725,0.46379567577592556
191,192,0.4978402936267883,0.020440991952017182,0.48171871442119396
192,193,0.3958182731707391,0.34354588177988377,0.26063584504937676
193,194,0.5063242576076683,0.3740776895144782,0.11959805287785366
194,195,0.4683331891581353,0.518639382096149,0.013027428745715754
195,196,0.08579030193244114,0.4812302913010743,0.4329794067664843
196,197,0.5016249075008745,0.010203568594060594,0.48817152390506485
197,198,0.48820245415923225,0.037571950612662545,0.474225595228105
198,199,0.45064048869988255,0.25793251583198523,0.29142699546813167
199,200,0.4086045265396016,0.4083646153199855,0.183030858140413
200,201,0.42269604989150766,0.405125512283565,0.17217843782492706
201,202,0.46564241521586597,0.4460335797031097,0.08832400508102464
202,203,0.3620747787444301,0.36668059132254655,0.2712446299330233
203,204,0.36516331221353804,0.291712888047576,0.3431237997388869
204,205,0.32394820495869586,0.4117659640172585,0.2642858310240457
205,206,0.38100107176057213,0.31295876279663326,0.3060401654427955
206,207,0.38668813185480033,0.35964602350959896,0.2536658446355999
207,208,0.4475358524470009,0.39965937608691643,0.15280477146608265
208,209,0.45376958492907155,0.4169027786093555,0.1293276364615727
209,210,0.4850105007487255,0.4669164795799274,0.04807301967134691
210,211,0.4713305699626036,0.4807597668738969,0.047909663163499205
211,212,0.48392830678839593,0.3639146610830234,0.15215703212858053
212,213,0.40650104963769235,0.27397731568489275,0.3195216346774152
213,214,0.44793887785382236,0.3294754795495574,0.2225856425966198
214,215,0.4181962315969116,0.23020495868782434,0.3515988097152639
215,216,0.4049034022600251,0.31820656116881685,0.27689003657115857
216,217,0.3714884012301343,0.40654208747118203,0.22196951129868384
217,218,0.3601329918182873,0.4521610338580737,0.18770597432363934
218,219,0.31970228652639066,0.4484177569212246,0.23187995655238514
219,220,0.3588664910422653,0.4092156811476388,0.23191782781009648
220,221,0.501614873026587,0.49399111828375564,0.004394008689657258
221,222,0.5102599853521395,0.40174556824835567,0.08799444639950489
222,223,0.4586906838231249,0.25746143494951373,0.2838478812273611
223,224,0.46738234446519267,0.1969323426680645,0.3356853128667427
224,225,0.48845025516924717,0.30009089624651525,0.21145884858423805
225,226,0.45421436894592115,0.37627762892531086,0.16950800212876807
226,227,0.43374989271334735,0.40660174250610476,0.1596483647805483
227,228,0.4770458872770841,0.46166857926521004,0.061285533457706
228,229,0.46877396886055744,0.4275532200618031,0.10367281107763926
229,230,0.513717223277046,0.05676542875386556,0.42951734796908836
230,231,0.11296995416981856,0.610301580562404,0.27672846526777767
231,232,0.5341416671626534,0.3919408022088947,0.07391753062845216
232,233,0.5293626155665887,0.29224947511657035,0.17838790931684081
233,234,0.3991248291665869,0.19275191990748258,0.40812325092592994
234,235,0.4416267674483382,0.32755528832101705,0.23081794423064492
235,236,0.44659690951851205,0.2582926823091376,0.2951104081723507
236,237,0.4775101440382272,0.4823938913198298,0.0400959646419434
237,238,0.4891574239175053,0.4971767384112405,0.013665837671253922
238,239,0.49884657630899015,0.49283797026982856,0.008315453421181243
239,240,0.495424682568447,0.49016689199386076,0.0144084254376923
240,241,0.5127181331518009,0.34839973703292126,0.1388821298152786
241,242,0.5829134506519312,0.1528674733136761,0.2642190760343924
242,243,0.42050809784776133,0.49566970359302764,0.08382219855921094
243,244,0.5068269631259584,0.4891085415908249,0.004064495283216698
244,245,0.5129923555369577,0.48206263953461964,0.004945004928423103
245,246,0.5091220284011787,0.482350031433173,0.00852794016564802
246,247,0.46426036573267115,0.23135108661499626,0.3043885476523327
247,248,0.15578536731897943,0.4266528193502711,0.41756181333074915
248,249,0.11775004111416083,0.47800917315520564,0.40424078573063343
249,250,0.5243447144440461,0.1779385502064052,0.29771673534954884
250,251,0.4225457675490082,0.30899656566368,0.268457666787312
251,252,0.49433004042117384,0.4961867827714923,0.009483176807333626
252,253,0.4855751200648611,0.02305071771533793,0.49137416221980107
253,254,0.5450455112138672,0.1734868586821538,0.28146763010397907
254,255,0.5515915194932682,0.10352848888448585,0.34487999162224564
255,256,0.4477270271892358,0.09799263842311298,0.45428033438765136
256,257,0.49393763282946845,0.0019080769243905215,0.5041542902461411
257,258,0.4278338117674617,0.2465238396750475,0.3256423485574902
258,259,0.4750100705123365,0.3687187483178671,0.1562711811697968
259,260,0.4788950909141099,0.5082529591863582,0.012851949899532153
260,261,0.49898327582167484,0.500922143399832,9.458077849335361e-05
261,262,0.5071958024857954,0.48903591860573525,0.0037682789084697113
262,263,0.6381130190919406,0.08163265028893017,0.2802543306191293
263,264,0.5109084419912475,0.3148543253911063,0.17423723261764593
264,265,0.467503770755602,0.41734470625966175,0.11515152298473587
265,266,0.5096206037107565,0.4724620793498095,0.017917316939434047
266,267,0.41122305430408757,0.4756100902378605,0.11316685545805187
267,268,0.48611211816910765,0.02854072366178342,0.48534715816910906
268,269,0.48879265731240124,0.43573872723418744,0.0754686154534109
269,270,0.4715186847524915,0.29646962973268903,0.2320116855148193
270,271,0.45212230144667076,0.1494076805422019,0.3984700180111267
271,272,0.29381887126800604,0.3499738186822646,0.35620731004972916
272,273,0.4896263899927869,0.47898113916289087,0.03139247084432227
273,274,0.49995814961985513,0.49863075741451696,0.0014110929656274474
274,275,0.514791405383401,0.46533476132723023,0.01987383328936859
275,276,0.08732902692861394,0.41370438110836505,0.4989665919630206
276,277,0.3625071933931618,0.3273614329973513,0.31013137360948656
277,278,0.5346397482055364,0.44013395299589647,0.025226298798566655
278,279,0.5718228220450546,0.1622168741666546,0.26596030378829055
279,280,0.37778154235601996,0.3803598146333984,0.24185864301058196
280,281,0.35402993585133596,0.212073399457736,0.43389666469092825
281,282,0.6205754175954546,0.1468808392382106,0.23254374316633514
282,283,0.19207685629320054,0.4923809561227301,0.3155421875840695
283,284,0.37012692305913397,0.28421952597519556,0.3456535509656702
284,285,0.44573825965732583,0.35722677487322185,0.19703496546945218
285,286,0.44971909560156254,0.46062323823837764,0.08965766616006003
286,287,0.45156129864888733,0.46143739629378283,0.08700130505732946
287,288,0.499033857537256,0.49744570023179807,0.003520442230945842
288,289,0.5125435632561225,0.43566071076943175,0.051795725974445726
289,290,0.4483180841244393,0.4937190686224599,0.05796284725310074
290,291,0.4781675065051306,0.44107056600300554,0.0807619274918637
291,292,0.4892065740843984,0.43445955314059825,0.0763338727750036
292,293,0.14795130510929036,0.4860278120870515,0.3660208828036577
293,294,0.4666952056176478,0.5209089810447308,0.01239581333762165
294,295,0.4837989460138053,0.5077749985658018,0.008426055420392842
295,296,0.39017567264027453,0.22917774981187744,0.3806465775478482
296,297,0.410822843623065,0.35780571142552026,0.231371444951415
297,298,0.4078238780062618,0.2932745680341188,0.29890155395961915
298,299,0.5054652125551911,0.4881065536374721,0.006428233807336822
299,300,0.46694011221874754,0.4961734674647943,0.036886420316458245
300,301,0.4546307104222025,0.4807417040352106,0.0646275855425872
301,302,0.3566605525890352,0.3287137305755385,0.3146257168354262
302,303,0.5298807427518225,0.006351800664847329,0.46376745658333024
303,304,0.41720526931613305,0.18855596548374762,0.3942387652001198
304,305,0.4075751817534675,0.14731252172296175,0.445112296523571
305,306,0.4399197891957566,0.2091663398650641,0.35091387093917953
306,307,0.4666980591006235,0.4144671754280604,0.11883476547131601
307,308,0.420210826816618,0.03884121778470965,0.5409479553986721
308,309,0.0008784691855595493,0.5148327047530057,0.48428882606143503
309,310,0.2543496015098432,0.4886520458406448,0.2569983526495116
310,311,0.5460681491012404,0.04652145680137254,0.4074103940973872
311,312,0.47880052723134714,0.4752726493159081,0.045926823452745055
312,313,0.5004123645855661,0.49953049954923084,5.713586520264017e-05
313,314,0.4984374244670247,0.5003602668429004,0.001202308690074782
314,315,0.4596671021453898,0.4627057265902504,0.07762717126435965
315,316,0.3960176452305784,0.2401434409033055,0.36383891386611583
316,317,0.4190770708124302,0.35873177640491216,0.22219115278265747
317,318,0.4295453244506993,0.04140388102078574,0.5290507945285153
318,319,0.5086602036024618,0.18458044058431627,0.30675935581322217
319,320,0.4878869759935695,0.00717246733072021,0.5049405566757103
320,321,0.3148360286261265,0.4472095338422731,0.23795443753160025
321,322,0.46761724005222693,0.5202733434959661,0.01210941645180629
322,323,0.5023132165302904,0.4955521087427713,0.002134674726938076
323,324,0.3518186705611116,0.3268757572459641,0.3213055721929244
324,325,0.26880288911040684,0.28280299800325825,0.4483941128863346
325,326,0.4731477213470511,0.4695772194657841,0.05727505918716481
326,327,0.4450205944296371,0.5040931741714196,0.05088623139894304
327,328,0.02121159456690192,0.5502775754789534,0.4285108299541448
328,329,0.4018829792161132,0.12309718054648162,0.47501984023740523
329,330,0.0375777103116216,0.45850548761233373,0.5039168020760444
330,331,0.5109493322146602,0.1758560393012813,0.3131946284840583
331,332,0.4520085860951436,0.008543689457733476,0.539447724447123
332,333,0.5505252688192465,0.022941395974234943,0.4265333352065186
333,334,0.5295920131496697,0.006943061584311,0.463464925266019
334,335,0.30571736768212504,0.17596769390031258,0.5183149384175622
335,336,0.4206120222239819,0.4504774950703688,0.12891048270564978
336,337,0.3138277187221282,0.40704871610059873,0.27912356517727344
337,338,0.3412275559953691,0.4044049954522406,0.2543674485523908
338,339,0.23159162419280746,0.32704771591157605,0.4413606598956161
339,340,0.500067952507843,0.14237983899981904,0.3575522084923381
340,341,0.45267215632575597,0.1050327673282401,0.44229507634600457
341,342,0.47650512676814344,0.30808603891242964,0.21540883431942667
342,343,0.5007852561505053,0.40468568308738545,0.09452906076210948
343,344,0.4678641161714128,0.0720777220693073,0.4600581617592788
344,345,0.17851052976265322,0.37308477670999385,0.4484046935273527
345,346,0.20579588366472637,0.320332367974911,0.4738717483603625
346,347,0.3248011821456243,0.3228095539369667,0.35238926391740855
347,348,0.39821498826931834,0.3401035244211519,0.2616814873095296
348,349,0.0465637945854487,0.45409854654581533,0.4993376588687367
349,350,0.5138387045806,0.44521343260672286,0.04094786281267741
350,351,0.0366983987923641,0.511401667450285,0.45189993375735155
351,352,0.5640268177791757,0.3040116651489425,0.1319615170718818
352,353,0.39869129978153356,0.25967670829336936,0.3416319919250967
353,354,0.46609583558045403,0.2124516529204483,0.3214525114990979
354,355,0.2261655359339548,0.3788890653314932,0.394945398734552
355,356,0.16337585095950205,0.477537506200318,0.3590866428401806
356,357,0.31160430834871783,0.2780992459349739,0.4102964457163081
357,358,0.01084604175398326,0.44870768055215965,0.5404462776938572
358,359,0.49103604565192077,0.49907040529939006,0.00989354904868917
359,360,0.429305897728686,0.32402262354320827,0.2466714787281058
360,361,0.37617052678973073,0.12241812331553821,0.5014113498947311
361,362,0.46912434223243926,0.521716956440792,0.009158701326768768
362,363,0.5115348415250641,0.0040772747137701425,0.4843878837611658
363,364,0.38068236180009785,0.34587831267189817,0.2734393255280039
364,365,0.5273376118485313,0.26925343534913043,0.20340895280233784
365,366,0.28903375968824124,0.3320828201336165,0.37888342017814247
366,367,0.3445927513133638,0.4059992218845774,0.24940802680205812
367,368,0.3837166517948947,0.41154408766055767,0.204739260544548
368,369,0.24417779230176614,0.4468114075805794,0.30901080011765425
369,370,0.487122182871107,0.4853306147048963,0.02754720242399677
370,371,0.4890343535496187,0.4758760092815578,0.03508963716882373
371,372,0.46870251523765677,0.4567003802493444,0.07459710451299954
372,373,0.41179624350651445,0.356516000128556,0.23168775636492916
373,374,0.4981888660026846,0.10195654065837738,0.39985459333893764
374,375,0.5056577255186071,0.4812189947218351,0.013123279759557696
375,376,0.4889755457150952,0.493921419643149,0.017103034641755728
376,377,0.5055967256248111,0.4860724039968224,0.008330870378366176
377,378,0.4307200124814224,0.0353066951072963,0.533973292411281
378,379,0.3912689539477314,0.3784647124819795,0.23026633357028856
379,380,0.12717924524443328,0.4404369466198524,0.4323838081357146
380,381,0.3493935002618392,0.34544473365968387,0.30516176607847695
381,382,0.5230739730408048,0.034672700023798665,0.4422533269353967
382,383,0.4983361143854332,0.011341351243126194,0.4903225343714409
383,384,0.5193961022042064,0.09767160613633409,0.3829322916594596
384,385,0.4889576468255529,0.17946600903348559,0.33157634414096127
385,386,0.4197628145347018,0.2504602984664059,0.329776886998892
386,387,0.020043121156252647,0.4691500750744496,0.5108068037692979
387,388,0.0028488028269596476,0.5296933144804431,0.4674578826925972
388,389,0.3225171144104683,0.3917905579764288,0.2856923276131032
389,390,0.3086133795479122,0.3535297639951306,0.3378568564569567
390,391,0.4988252080700766,0.14242224455854827,0.3587525473713753
391,392,0.601463110847492,0.1647537649746933,0.23378312417781455
392,393,0.0010011053403031066,0.5086393109415082,0.49035958371818833
393,394,0.5083652442067376,0.4784910134318512,0.013143742361411116
394,395,0.4515542492608309,0.116668879077862,0.431776871661307
395,396,0.5230643759646756,0.46482856739963774,0.012107056635686802
396,397,0.40884626024512866,0.2796260103109759,0.3115277294438959
397,398,0.3359819965620412,0.30800851930718154,0.3560094841307769
398,399,0.23240340892576064,0.44927665351467283,0.31831993755956656
399,400,0.4687403458127555,0.4313543338791527,0.09990532030809204
400,401,0.5056698223569082,0.0002196182953812434,0.49411055934771053
401,402,0.5204105660675051,0.10915927896250181,0.3704301549699928
402,403,0.44289551175044356,0.1428286691219827,0.4142758191275738
403,404,0.40936168100421433,0.3621139420814909,0.22852437691429456
404,405,0.4021595555722336,0.4206501411498609,0.1771903032779052
405,406,0.3827529996965431,0.16538902240899092,0.4518579778944657
406,407,0.537623136556699,0.23867760288175244,0.2236992605615487
407,408,0.47647312384243246,0.017086415218339496,0.5064404609392279
408,409,0.5285039507190311,0.022138555427297108,0.44935749385367224
409,410,0.4299954125353657,0.3323535614056533,0.23765102605898067
410,411,0.3996927532627838,0.4115769395860233,0.1887303071511923
411,412,0.07399996815138814,0.43920432100760787,0.4867957108410036
412,413,0.06071028932171749,0.44152627429273406,0.497763436385548
413,414,0.03439042520387968,0.5200148262179747,0.44559474857814535
414,415,0.20573360724260378,0.5174613723840902,0.2768050203733062
415,416,0.15578560448269319,0.5178809369640776,0.32633345855322954
416,417,0.4647160986796016,0.24006280960342205,0.2952210917169769
417,418,0.4293161936087735,0.23859405684781926,0.3320897495434072
418,419,0.42976511679959717,0.3294248765149972,0.2408100066854053
419,420,0.45905284712119765,0.3076130643932595,0.2333340884855428
420,421,0.3284088463872134,0.3974627846275063,0.27412836898528015
421,422,0.49701054417273155,0.5021766528192589,0.0008128030080093703
422,423,0.4973846557663047,0.5024661824263162,0.00014916180737932733
423,424,0.5111773423932516,0.4818013168375884,0.0070213407691600066
424,425,0.4403470599639123,0.4760531969211263,0.08359974311496166
425,426,0.48000998656240496,0.48303137218849385,0.03695864124910148
426,427,0.4177341519540936,0.1274311687945705,0.45483467925133586
427,428,0.17880213443435833,0.24862912513030705,0.5725687404353346
428,429,0.49862962896187635,0.24616503885950833,0.25520533217861535
429,430,0.5497531253028191,0.19797106214022,0.25227581255696047
430,431,0.3230923663631718,0.28607359041360403,0.39083404322322446
431,432,0.3704597877341139,0.42732499356360176,0.2022152187022843
432,433,0.20000064364432327,0.4577496470782556,0.34224970927742004
433,434,0.4855687567720529,0.48702623014505636,0.027405013082890974
434,435,0.4189319765608204,0.3793361582221746,0.20173186521700465
435,436,0.4949244913576061,0.46766708657052247,0.03740842207187105
436,437,0.5054872053523274,0.4780818677639413,0.01643092688373102
437,438,0.407910591936284,0.2653496756158229,0.3267397324478927
438,439,0.4534667065895467,0.03734517749533733,0.5091881159151161
439,440,0.5682935848252894,0.042578084024237586,0.3891283311504735
440,441,0.505389021059982,0.4930939983719938,0.00151698056802396
441,442,0.4293443291405807,0.07353847854547665,0.4971171923139431
442,443,0.45960840791559066,0.522858329279939,0.017533262804470522
443,444,0.5121138110251188,0.476021067355595,0.011865121619286339
444,445,0.48945435281557315,0.4353609628893006,0.07518468429512591
445,446,0.49964033227218496,0.4983529265801224,0.0020067411476922957
446,447,0.1654429385236684,0.5397043789815477,0.2948526824947833
447,448,0.5194441516912832,0.3823331761217877,0.09822267218692898
448,449,0.45146730353563624,0.3327856592448392,0.21574703721952393
449,450,0.5194742478937372,0.46986931744638616,0.01065643465987683
450,451,0.5162631950650596,0.39064054694869516,0.09309625798624531
451,452,0.5116645320696807,0.48506956707256277,0.0032659008577562514
452,453,0.43740951416404694,0.1009944757463037,0.4615960100896494
453,454,0.3769421965021038,0.10831777098534122,0.5147400325125554
454,455,0.5102301309604031,0.4863893037342226,0.0033805653053738433
455,456,0.4212738580263177,0.5610064495686095,0.017719692405072207
456,457,0.4869877755938562,0.4761232835279962,0.03688894087814783
457,458,0.4447197772739383,0.2902345232247253,0.2650456995013362
458,459,0.4030522383506731,0.2750262643034032,0.32192149734592396
459,460,0.2817133977279098,0.18413998034363308,0.5341466219284566
460,461,0.32635418953347256,0.18740246333572488,0.4862433471308021
461,462,0.2560791054276388,0.16873609726559388,0.5751847973067673
462,463,0.507982470618609,0.10464024758864261,0.38737728179274844
463,464,0.21197363668400832,0.4789210881577487,0.30910527515824293
464,465,0.11247273424945824,0.5190680373771057,0.3684592283734361
465,466,0.06982835748807027,0.32920969297015146,0.6009619495417777
466,467,0.5632981548925162,0.029413246372692277,0.40728859873479184
467,468,0.5170639350639463,0.3289652934697275,0.15397077146632618
468,469,0.44733457229885987,0.23352593035775326,0.31913949734338704
469,470,0.408371278432137,0.43906646552330547,0.15256225604455792
470,471,0.38053422698998224,0.4854974387297571,0.13396833428026125
471,472,0.4562961788360978,0.433363521563551,0.11034029960035158
472,473,0.5093361843511434,0.11793685782194822,0.3727269578269081
473,474,0.41520838296598184,0.11559380315129483,0.46919781388272314
474,475,0.426926113462147,0.17088707757804317,0.40218680895981057
475,476,0.29963010081274016,0.4015239702309275,0.29884592895633266
476,477,0.3638184311971633,0.20049590768915485,0.43568566111368145
477,478,0.1257264220686795,0.37736858054177336,0.49690499738954735
478,479,0.4954149424490931,0.4821877158487057,0.022397341702201586
479,480,0.3459970197904926,0.23201067911174353,0.42199230109776376
480,481,0.20137000605800182,0.4556382474413462,0.34299174650065145
481,482,0.21778589657431738,0.32854130065490184,0.45367280277078087
482,483,0.4968141270509976,0.033593958102579514,0.46959191484642404
483,484,0.34073238627004665,0.4975388863742184,0.16172872735573482
484,485,0.3509639449333665,0.13226162726884416,0.5167744277977887
485,486,0.4511733112084882,0.4507355960979033,0.09809109269360845
486,487,0.4867142877801296,0.49918312883844296,0.014102583381427733
487,488,0.4909261250737434,0.3833205996485293,0.12575327527772717
488,489,0.5052290088872159,0.0027564038933047797,0.49201458721947977
489,490,0.2512159537159914,0.24378148679946218,0.505002559484546
490,491,0.48107830138947133,0.283923666557445,0.23499803205308398
491,492,0.4332471116237264,0.3546854238333291,0.2120674645429449
492,493,0.514715028387086,0.10409250284465157,0.3811924687682625
493,494,0.5021234400205302,0.14219173351106737,0.355684826468403
494,495,0.3670825497032114,0.2851803095070126,0.34773714078977597
495,496,0.49385122291818684,0.5013113788205678,0.0048373982612452465
496,497,0.4223332982400744,0.022642505819424077,0.5550241959405012
497,498,0.4135882801489406,0.5254789159934711,0.06093280385758777
498,499,0.4824637008567034,0.4409313663654459,0.07660493277785071
499,500,0.46456088528991063,0.3768137901115051,0.15862532459858422
500,501,0.4365550636568065,0.1068070944211478,0.4566378419220458
501,502,0.009439416210932238,0.48110147235526557,0.5094591114338021
502,503,0.1604744472468393,0.4447995063469424,0.3947260464062182
503,504,0.21213227012469363,0.3472400125789368,0.4406277172963702
504,505,0.07666982816285445,0.4733934656614505,0.44993670617569537
505,506,0.29570823952047526,0.5792818227132299,0.12500993776629482
506,507,0.49659764009126367,0.5032870606277572,0.00011529928097957181
507,508,0.029846927421136878,0.4268264612773098,0.5433266113015531
508,509,0.5023868814515289,0.49730648421103224,0.00030663433743885146
509,510,0.5057523946568359,0.48981043578144695,0.00443716956171712
510,511,0.515106709242122,0.44968278976928544,0.03521050098859303
