,Window_Index,Loading_Temperature_Prop,Loading_force_Prop,Loading_Voltage_Prop
0,1,0.49018898273308514,0.4943543212147989,0.015456696052115908
1,2,0.495711816966496,0.4977754242705711,0.006512758762932888
2,3,0.48018240221076225,0.46308610625291496,0.056731491536322794
3,4,0.49091291688514505,0.08648505943449283,0.4226020236803625
4,5,0.5014023575098763,0.49766086658956044,0.000936775900563974
5,6,0.4892441908336577,0.5046380923551435,0.006117716811198625
6,7,0.3631014357493425,0.45213908571434613,0.18475947853631128
7,8,0.45005155703561,0.2892484721743243,0.26069997079006557
8,9,0.4426810664934533,0.4866037563254469,0.0707151771810994
9,10,0.4817822803700478,0.49067063368024144,0.027547085949710916
10,11,0.48103859519125686,0.49320051267689735,0.025760892131845212
11,12,0.48490602026494567,0.47928445644400175,0.035809523291052685
12,13,0.4330912214698853,0.44478441195664986,0.12212436657346525
13,14,0.47291502567237026,0.4820866149833811,0.04499835934424833
14,15,0.48335440422718706,0.47185633589506415,0.044789259877748594
15,16,0.4269056382123814,0.443481936221958,0.1296124255656604
16,17,0.5017353658268676,0.47627268031274395,0.021991953860388058
17,18,0.513293286990531,0.4700290932882436,0.01667761972122475
18,19,0.47739503888787393,0.48653255971367304,0.03607240139845289
19,20,0.4992928771930263,0.49917297273735106,0.0015341500696228378
20,21,0.49959178748511046,0.5001744044001081,0.0002338081147814979
21,22,0.4504007007244669,0.4077773610677389,0.14182193820779404
22,23,0.4948703491551533,0.4971543266862851,0.007975324158561592
23,24,0.49263775830886813,0.4950005420274769,0.01236169966365465
24,25,0.3266590961246184,0.13247728615709617,0.5408636177182858
25,26,0.48666485938037174,0.49495759157243563,0.01837754904719254
26,27,0.4958015817766901,0.4983523398058173,0.005846078417492846
27,28,0.41982034524187883,0.4224353890466631,0.15774426571145791
28,29,0.4929298250863601,0.481633960062611,0.025436214851028798
29,30,0.5007162120957582,0.49853525200267473,0.0007485359015666615
30,31,0.5372478633957994,0.4535179337989566,0.009234202805244491
31,32,0.5030280618355915,0.2920052277548113,0.20496671040959613
32,33,0.4830811506465693,0.3425447922820108,0.1743740570714203
33,34,0.22576161395832137,0.37384506708519966,0.40039331895647845
34,35,0.2812046348533324,0.3587131801379897,0.36008218500867756
35,36,0.26757451472477606,0.36475322334770766,0.36767226192751695
36,37,0.18263865977972787,0.4032284531887509,0.4141328870315215
37,38,0.3455933794880483,0.3201164390113459,0.3342901815006062
38,39,0.36799825935119995,0.3393486179565777,0.2926531226922224
39,40,0.3621041271764398,0.3687935999417204,0.2691022728818399
40,41,0.33967132347095125,0.33001365955276235,0.33031501697628646
41,42,0.45027629093090654,0.41463335480088126,0.13509035426821261
42,43,0.3449120472090934,0.3554033772994124,0.29968457549149335
43,44,0.35570544089588113,0.3576705270873859,0.28662403201673353
44,45,0.3518063863182748,0.3573326639098715,0.2908609497718526
45,46,0.33196244299976474,0.336093871037804,0.33194368596243173
46,47,0.3330525736023431,0.33511920803406564,0.33182821836359117
47,48,0.33415513482036074,0.3363498155657533,0.3294950496138867
48,49,0.41510917449046514,0.4113460936273202,0.17354473188221503
49,50,0.3480126728566218,0.3514240235666307,0.30056330357674726
50,51,0.3341229198799972,0.33487052937689366,0.33100655074310975
51,52,0.3311692635204049,0.33402342694986076,0.3348073095297343
52,53,0.3159261804559195,0.3432731883478285,0.3408006311962516
53,54,0.1349927560974018,0.43782082007280226,0.42718642382979605
54,55,0.12882676462754467,0.43039490227477806,0.4407783330976774
55,56,0.2889030224191726,0.3407990929176257,0.3702978846632011
56,57,0.3040528043703728,0.32159244746580473,0.3743547481638228
57,58,0.3467466706186169,0.2971673115552035,0.35608601782617927
58,59,0.34839977745072875,0.2951667422159501,0.356433480333321
59,60,0.34270894699182786,0.30310883043333037,0.3541822225748423
60,61,0.36409803426254395,0.2612881658691468,0.37461379986830884
61,62,0.36546390051142047,0.26916557723303014,0.3653705222555491
62,63,0.37004036612479807,0.2607093563542667,0.369250277520935
63,64,0.36481000765939164,0.27458135574919434,0.3606086365914148
64,65,0.353311184168689,0.3016971927796899,0.34499162305162084
65,66,0.34695612259885117,0.3085542380157441,0.34448963938540494
66,67,0.35730145054673973,0.2900083511531072,0.35269019830015313
67,68,0.37085074203582685,0.3084275734219686,0.3207216845422051
68,69,0.3991786350998155,0.24777291098706186,0.3530484539131225
69,70,0.3759743939194268,0.3313297258084056,0.292695880272168
70,71,0.4121848789832623,0.37993874813557854,0.20787637288115912
71,72,0.42886272610157233,0.43165726161342755,0.13948001228500084
72,73,0.42785807413681637,0.4319807358966089,0.14016118996657478
73,74,0.4470730234397132,0.4854330573447802,0.06749391921550613
74,75,0.46830199935965655,0.33614514599927847,0.19555285464106498
75,76,0.49094857786452556,0.2951260750667873,0.2139253470686875
76,77,0.013339834351414474,0.41402131067189796,0.5726388549766867
77,78,0.08397929284120564,0.502369019379537,0.4136516877792562
78,79,0.46463703116831523,0.3254463289864486,0.20991663984523623
79,80,0.41805654090487826,0.2584695475951773,0.32347391149994437
80,81,0.40281461726830325,0.32301831143747123,0.27416707129422535
81,82,0.42370488092584807,0.41582740167974946,0.16046771739440252
82,83,0.47435534158035475,0.4384306121123626,0.08721404630728209
83,84,0.4996940049194216,0.500298852741067,7.1423395113604355e-06
84,85,0.5053979681314449,0.0029680514291027904,0.4916339804394522
85,86,0.5285500952725873,0.07414214232563889,0.3973077624017737
86,87,0.4401912639305115,0.2634242310970542,0.2963845049724342
87,88,0.4256269538247291,0.283048255640063,0.2913247905352078
88,89,0.5280839895769919,0.1472525300637813,0.32466348035922704
89,90,0.49845342836086437,0.02380425861630783,0.4777423130228276
90,91,0.4863945854539384,0.24319079156908233,0.2704146229769793
91,92,0.4973052404099817,0.2524886749728371,0.25020608461718064
92,93,0.5088705583798322,0.005759440062451777,0.4853700015577157
93,94,0.5181909669291453,0.1256658269856812,0.3561432060851736
94,95,0.24440645911080178,0.3859119434309552,0.36968159745824336
95,96,0.4522689692262749,0.25259789773593644,0.2951331330377888
96,97,0.42685116058178335,0.2691227170343403,0.30402612238387644
97,98,0.3957495190521498,0.24885919773472168,0.3553912832131286
98,99,0.42589877706041784,0.20729757261976903,0.3668036503198128
99,100,0.49822251438408577,0.005118366038204175,0.49665911957770986
100,101,0.4720679380756579,0.05099581155894308,0.4769362503653989
101,102,0.4385330680107506,0.1187982600970153,0.4426686718922335
102,103,0.47114315658269507,0.05859195728951936,0.47026488612778505
103,104,0.45031213601732273,0.08915184859215161,0.4605360153905259
104,105,0.48894045903923783,0.01650317057574359,0.4945563703850184
105,106,0.10461244834040856,0.5599773246133709,0.3354102270462203
106,107,0.49286733703526925,0.004338911429165531,0.5027937515355655
107,108,0.5850144908236627,0.20009896002833572,0.21488654914800118
108,109,0.4624143540472651,0.06842966831864558,0.46915597763408956
109,110,0.5018531466822732,0.4746105205760442,0.02353633274168193
110,111,0.48739929409614086,0.015556564364534495,0.4970441415393246
111,112,0.4750889583882587,0.04971864533673499,0.4751923962750059
112,113,0.4570879055301232,0.12118173303614684,0.4217303614337298
113,114,0.5101287046887774,0.040849305197564544,0.44902199011365845
114,115,0.4846929500090311,0.0030079126188245564,0.5122991373721444
115,116,0.5193803568082597,0.05159790680884822,0.4290217363828921
116,117,0.4869103691030921,0.008058969151010752,0.505030661745897
117,118,0.5010918029612785,0.0015935973570730298,0.4973145996816487
118,119,0.5036969315102998,0.018530482276051415,0.47777258621364865
119,120,0.3825235892625159,0.1546954346326906,0.46278097610479274
120,121,0.29827543010079316,0.3381487359671136,0.36357583393209336
121,122,0.36286002186580213,0.26785245736398,0.36928752077021726
122,123,0.4306496870956752,0.18127256430805944,0.38807774859626565
123,124,0.4616024633669983,0.12873609794808227,0.40966143868491944
124,125,0.45209387440103577,0.17441218367422723,0.3734939419247369
125,126,0.4313611950271964,0.22272730442919794,0.3459115005436061
126,127,0.43246256267351857,0.14384219673876017,0.4236952405877207
127,128,0.4327546651484379,0.32279517305344774,0.2444501617981137
128,129,0.48722500636980565,0.0018439739469541935,0.5109310196832398
129,130,0.43799304683659435,0.11674244917376295,0.44526450398964273
130,131,0.46760879746929473,0.08528468299285408,0.4471065195378507
131,132,0.483506056256717,0.0458497577924481,0.4706441859508346
132,133,0.4998164666816521,0.0013369447741201797,0.49884658854422737
133,134,0.40912088212505554,0.2597269614573505,0.331152156417594
134,135,0.49328467660089553,0.04451828045125315,0.46219704294785074
135,136,0.500492006343796,0.018756837384833303,0.480751156271371
136,137,0.477839963890613,0.018294291844974667,0.5038657442644127
137,138,0.3807022690266319,0.2535204625205628,0.36577726845280617
138,139,0.4470127893341444,0.09295435242378769,0.46003285824206824
139,140,0.41402993556177475,0.12048307265197933,0.4654869917862463
140,141,0.5020241024154705,0.10370555347230698,0.39427034411222195
141,142,0.4938570980785739,0.008162708757285551,0.4979801931641409
142,143,0.42150274609302474,0.18555769396543095,0.39293955994154506
143,144,0.4067217333782326,0.2058299015495835,0.3874483650721838
144,145,0.39899965957556927,0.19194757063462917,0.4090527697898017
145,146,0.438168300886698,0.1312088922201667,0.43062280689313487
146,147,0.44193796603850755,0.18419685585999693,0.37386517810149544
147,148,0.4165568917711136,0.15400149544477437,0.42944161278411225
148,149,0.41063520668593534,0.20813757976812897,0.381227213545936
149,150,0.49025304096932404,0.03160288504554104,0.47814407398513525
150,151,0.5000891015689057,0.0012802453027533128,0.4986306531283408
151,152,0.5056617891672451,0.011002368300268957,0.4833358425324857
152,153,0.4124157351214098,0.17680421318273262,0.41078005169585813
153,154,0.43257830867191377,0.09148475658491996,0.4759369347431658
154,155,0.5592295184006301,0.22043584354821666,0.2203346380511531
155,156,0.45796072828206075,0.0847707377420647,0.45726853397587486
156,157,0.4740043477185216,0.054612201414533414,0.4713834508669449
157,158,0.43514248951992335,0.20904023158595822,0.3558172788941182
158,159,0.44805359335363176,0.33263868426559534,0.21930772238077367
159,160,0.5079581494882144,0.19040677966418632,0.3016350708475994
160,161,0.4241537116134177,0.149030356164286,0.42681593222229697
161,162,0.4929959074239368,0.004632921495909245,0.5023711710801537
162,163,0.38524402000419944,0.30586574000992295,0.3088902399858778
163,164,0.41133738833674777,0.30716485437036484,0.28149775729288756
164,165,0.4185573612668616,0.32171322025417864,0.25972941847895903
165,166,0.5024449528791332,0.0042571516259189745,0.4932978954949475
166,167,0.4471872265932558,0.119800377681945,0.4330123957247995
167,168,0.36638415983834394,0.2762009409660091,0.35741489919564706
168,169,0.38815018975503673,0.23467411334161098,0.3771756969033523
169,170,0.5009373815607777,8.918068052699535e-05,0.4989734377586951
170,171,0.5037397475212804,0.026345626295538497,0.46991462618318086
171,172,0.500764696209553,0.41010616983061754,0.08912913395982938
172,173,0.4564792824831365,0.300225811585837,0.24329490593102598
173,174,0.4611629605187334,0.29441691967217937,0.2444201198090869
174,175,0.5025950400010362,0.22553464701242978,0.2718703129865343
175,176,0.5086720070324124,0.24201616770732987,0.24931182526025758
176,177,0.4557388009925929,0.24986775316571855,0.2943934458416882
177,178,0.48113621163444054,0.06718071402155275,0.45168307434400645
178,179,0.4570765285759806,0.0990322118456407,0.44389125957837927
179,180,0.36187082008152416,0.23709133798887996,0.4010378419295962
180,181,0.364318932462119,0.253411746775854,0.3822693207620271
181,182,0.33148715178252364,0.19825873743911493,0.47025411077836127
182,183,0.4682384225974507,0.06637620285420788,0.4653853745483421
183,184,0.13882755309991274,0.37136209764169414,0.4898103492583938
184,185,0.40180009305346875,0.18345571644909223,0.4147441904974387
185,186,0.2550565325010427,0.2930125005009492,0.4519309669980083
186,187,0.054165949506262974,0.4924333298043264,0.4534007206894108
187,188,0.30423651550666003,0.318521431796132,0.3772420526972077
188,189,0.45301422260752194,0.10046073515950274,0.446525042232975
189,190,0.4938178975211044,0.02198295755320625,0.48419914492568916
190,191,0.5039829751737662,0.0036627947473263475,0.4923542300789073
191,192,0.5168979365701042,0.04898608396948086,0.4341159794604148
192,193,0.4992207223259617,0.016094131983670698,0.4846851456903673
193,194,0.44016844925911336,0.166243421368096,0.3935881293727903
194,195,0.5421171775773412,0.06757573763325357,0.3903070847894052
195,196,0.536807858551692,0.08416707450496567,0.3790250669433425
196,197,0.4107451699465243,0.030507425513232055,0.5587474045402441
197,198,0.4850191297048734,0.014264331555065445,0.5007165387400611
198,199,0.49515309098800986,0.017291004180291218,0.4875559048316991
199,200,0.5048187794971483,0.008163178008404702,0.4870180424944472
200,201,0.5012750963829825,0.0477635038702394,0.45096139974677824
201,202,0.49245609769824195,0.06158603851759672,0.44595786378416136
202,203,0.5041239543619054,0.011244481928290877,0.4846315637098034
203,204,0.206792300530769,0.32453296248193253,0.46867473698729845
204,205,0.4821825512241829,0.10504695270218,0.4127704960736373
205,206,0.44500796402737774,0.3180027995603228,0.23698923641229963
206,207,0.43602099816225043,0.5162638057823882,0.04771519605536114
207,208,0.5104425596723281,0.020311843153039518,0.4692455971746321
208,209,0.4828903830922965,0.129859836352497,0.3872497805552065
209,210,0.44691932223814484,0.19151073749686526,0.3615699402649895
210,211,0.46889791631594957,0.11417604235298355,0.41692604133106714
211,212,0.4669167982079259,0.04562624946228047,0.4874569523297936
212,213,0.4231367612484154,0.20749074693225605,0.3693724918193281
213,214,0.48941565425381756,0.07680509711737832,0.43377924862880424
214,215,0.41918076784881847,0.12578479376965032,0.45503443838153085
215,216,0.4416457346369406,0.12533335212495317,0.43302091323810643
216,217,0.4580959089707907,0.07203633103523471,0.4698677599939745
217,218,0.40995177377891767,0.1208965202313771,0.4691517059897049
218,219,0.49872679232580985,0.006739484948767058,0.49453372272542306
219,220,0.484754928816277,0.5009217855301273,0.014323285653595351
220,221,0.4934309253044563,0.010795051559697694,0.4957740231358453
221,222,0.49244485363278606,0.04353278222251395,0.4640223641446998
222,223,0.4230521360432092,0.20711654462733275,0.3698313193294582
223,224,0.38410601447256,0.28998119487468027,0.3259127906527597
224,225,0.4984271902801037,0.007740616642109127,0.4938321930777866
225,226,0.44626897820151035,0.13466879942437382,0.41906222237411583
226,227,0.47112908937843356,0.06060986319042856,0.4682610474311378
227,228,0.47493544068724747,0.07433922823772075,0.4507253310750314
228,229,0.36884940527327875,0.22500449453730345,0.40614610018941827
229,230,0.16659242603279145,0.4241502554524968,0.40925731851471175
230,231,0.36391522387779934,0.31841778109120333,0.31766699503099766
231,232,0.22942739014046104,0.3178668430622825,0.4527057667972557
232,233,0.3148527691999041,0.35374519292842876,0.33140203787166733
233,234,0.33209558445665355,0.3485813247301365,0.3193230908132107
234,235,0.30564730001016016,0.29303803910134163,0.4013146608884978
235,236,0.4122437128949838,0.14925818906993296,0.43849809803508344
236,237,0.421181396657725,0.16157357570353992,0.4172450276387345
237,238,0.39734136915612367,0.16761007179201926,0.435048559051857
238,239,0.4421661023022329,0.22217542019769193,0.33565847750007577
239,240,0.3198796839875544,0.2961343747249794,0.3839859412874655
240,241,0.31248870869689943,0.21795807586206495,0.4695532154410357
241,242,0.31197924109065656,0.2827641234661292,0.4052566354432152
242,243,0.49526241674560423,0.01725736493086265,0.4874802183235332
243,244,0.5013962677453946,0.38827968464517604,0.11032404760942958
244,245,0.48943591036524786,0.5016821128516078,0.008881976783144275
245,246,0.4506007188555777,0.257998102709318,0.29140117843510405
246,247,0.4658751703659279,0.08822212884617017,0.4459027007879018
247,248,0.5003589809826174,0.00048476947819678005,0.4991562495391858
248,249,0.48043955910026304,0.032611748732746346,0.48694869216698955
249,250,0.4258731147071599,0.12036600526150884,0.45376088003133064
250,251,0.36564919118349487,0.2954707268683532,0.33888008194815156
251,252,0.4520714660006287,0.1976854406618732,0.3502430933374981
252,253,0.44844203749303235,0.11755752023300964,0.43400044227395784
253,254,0.5036388475445842,0.004611062157292323,0.49175009029812294
254,255,0.556141045976281,0.2040127971926912,0.2398461568310274
255,256,0.4492799233667637,0.0866215890042851,0.46409848762895123
256,257,0.2559339456130818,0.3090647441061561,0.435001310280762
257,258,0.32786789660767396,0.22391547551324342,0.4482166278790823
258,259,0.3776486243653733,0.24365610600330928,0.378695269631317
259,260,0.4191595432580681,0.16970381156696246,0.41113664517497006
260,261,0.5007787075678349,0.011738391902191688,0.48748290052997284
261,262,0.4009848632815421,0.10831710017859708,0.49069803653986094
262,263,0.43511211549910567,0.2074692344774289,0.35741865002346573
263,264,0.4999253007972898,8.38475027709474e-06,0.5000663144524331
264,265,0.5335267245101614,0.049433486454897105,0.4170397890349415
265,266,0.5024176397427774,0.000744429173870403,0.4968379310833522
266,267,0.4987497478758133,0.010511814073551323,0.4907384380506359
267,268,0.46129450358185153,0.08416295639831156,0.45454254001983735
268,269,0.473696632671943,0.08385882674663625,0.44244454058142096
269,270,0.4306102990914169,0.22716213861984258,0.3422275622887401
270,271,0.46740992258879277,0.0922955889771336,0.4402944884340731
271,272,0.4697514759627515,0.08019965745659567,0.45004886658065235
272,273,0.13339489769889476,0.47790656955570443,0.3886985327454006
273,274,0.4142082839137513,0.3766709538777339,0.20912076220851483
274,275,0.36153911794760957,0.336989463931709,0.3014714181206815
275,276,0.29263902897888566,0.3511296977634557,0.3562312732576586
276,277,0.18849890934880195,0.39416038358085675,0.4173407070703407
277,278,0.5215957731516926,0.03221398208968611,0.44619024475862135
278,279,0.3734575577477608,0.46716946283682903,0.15937297941541048
279,280,0.510045502959,0.06583826598157469,0.42411623105942536
280,281,0.3350578596415427,0.279403224997533,0.3855389153609246
281,282,0.43535527310272887,0.0823346705212037,0.4823100563760679
282,283,0.38851521726823823,0.12505303949660362,0.48643174323515775
283,284,0.5404815633722214,0.20112101153205897,0.25839742509571967
284,285,0.4043835363152343,0.3773913983915329,0.218225065293233
285,286,0.3668036170795192,0.5209751110365111,0.11222127188396942
286,287,0.4739723171899667,0.5019998215861896,0.024027861223843656
287,288,0.4865463681550007,0.4857201993875027,0.027733432457496834
288,289,0.47334143077255786,0.04834528781159043,0.47831328141585133
289,290,0.4927285745251831,0.06760571721868693,0.4396657082561306
290,291,0.4686286833826991,0.11421968540703656,0.41715163121026383
291,292,0.42211813653503216,0.281843593245031,0.29603827021993656
292,293,0.440292338103194,0.32780124736033533,0.23190641453647046
293,294,0.497724658940692,0.008342036195039527,0.4939333048642686
294,295,0.42063651200270624,0.34532073420490844,0.23404275379238584
295,296,0.40510135885969134,0.3847436421937668,0.21015499894654147
296,297,0.0004130869953654964,0.4976765000062562,0.5019104129983784
297,298,0.34252219155733077,0.1865597746877957,0.4709180337548737
298,299,0.48168302369355104,0.15362575931264172,0.3646912169938076
299,300,0.46879558811594085,0.01045857577951849,0.5207458361045403
300,301,0.48473652643230003,0.0316851531090261,0.4835783204586738
301,302,0.4983784361565653,0.0008806430515055663,0.5007409207919291
302,303,0.49263366600467057,0.05335302687911709,0.45401330711621246
303,304,0.46711622573330175,0.20281972076116192,0.3300640535055365
304,305,0.49519288972708586,0.24325089462537436,0.2615562156475399
305,306,0.4196393164745055,0.2775071419041785,0.30285354162131556
306,307,0.4562746196961169,0.24383162876566417,0.2998937515382185
307,308,0.48816671310145254,0.24227771177736684,0.26955557512118106
308,309,0.5005740374540466,0.49933232164749397,9.364089845939643e-05
309,310,0.47338720483825336,0.4335467134232904,0.09306608173845653
310,311,0.48184079149453346,0.22252691434286614,0.29563229416260084
311,312,0.4998976101519471,2.328351343707159e-05,0.5000791063346159
312,313,0.4138235466186956,0.2028388891521949,0.38333756422910975
313,314,0.49177368712339925,0.011235939872092425,0.49699037300450866
314,315,0.4296767789292228,0.1844393393831157,0.38588388168766186
315,316,0.40815040716693934,0.20421166472194377,0.38763792811111686
316,317,0.46958962627660117,0.04413144277509837,0.48627893094830044
317,318,0.4763955706769937,0.07845358358683396,0.44515084573617186
318,319,0.5921984508593628,0.030584918987073294,0.3772166301535636
319,320,0.38218162668587546,0.336467839067404,0.28135053424672024
320,321,0.38034954432009316,0.3381626595802007,0.2814877960997063
321,322,0.3555432149780394,0.4025698016305441,0.24188698339141645
322,323,0.35668188992769784,0.3314603680523919,0.31185774201991034
323,324,0.3894875248782595,0.23754430002340166,0.37296817509833907
324,325,0.47018329028715256,0.0705234992051933,0.45929321050765454
325,326,0.4815122917577266,0.21215334754960452,0.3063343606926688
326,327,0.5070636334453186,0.2657641601797633,0.22717220637491747
327,328,0.5607963092776841,0.39108544669824047,0.04811824402407576
328,329,0.32445221895164755,0.21298992926985233,0.46255785177850006
329,330,0.5464592388215362,0.018038883753832644,0.4355018774246307
330,331,0.5477172965930608,0.024385132316200132,0.4278975710907391
331,332,0.5425444432676302,0.33709486998338156,0.12036068674898846
332,333,0.5053694470823682,0.10241357314551855,0.3922169797721133
333,334,0.46589800321475555,0.35337117573182447,0.1807308210534202
334,335,0.44317650926752994,0.2776869411644654,0.2791365495680049
335,336,0.45143468373749057,0.21927564140290573,0.3292896748596031
336,337,0.46628083238027507,0.07236385906753885,0.46135530855218637
337,338,0.49201353859437275,0.2832438373740676,0.22474262403155962
338,339,0.5185662584983178,0.3175057994008475,0.1639279421008351
339,340,0.5034676032191435,0.06233639429023175,0.4341960024906249
340,341,0.43820962105384315,0.25016520780580265,0.31162517114035426
341,342,0.4083243302083428,0.26728110187395404,0.3243945679177027
342,343,0.41935839562525234,0.11127131688589732,0.46937028748885123
343,344,0.5086508780116087,0.46064695820795115,0.030702163780440453
344,345,0.44998192949416976,0.33316825717380283,0.21684981333202735
345,346,0.46252525704711495,0.3074068751938757,0.23006786775900942
346,347,0.48925708822187086,0.40324997504729254,0.10749293673083651
347,348,0.4480033810086001,0.08538781976517076,0.4666087992262288
348,349,0.5072396693582839,0.4775800889630386,0.015180241678677738
349,350,0.42945438023108345,0.43902200640810346,0.13152361336081306
350,351,0.3883601575907557,0.25079531930482846,0.3608445231044155
351,352,0.48028651848918863,0.008395726893502476,0.5113177546173089
352,353,0.46656029277727984,0.3457976640124365,0.1876420432102838
353,354,0.4924020556802561,0.00941834199584269,0.49817960232390096
354,355,0.4887467015870965,0.12539214669449172,0.38586115171841107
355,356,0.46556356754799066,0.14569046352262338,0.3887459689293856
356,357,0.4265903557054141,0.382627316838393,0.19078232745619345
357,358,0.5064638224648522,0.0015639492583224969,0.49197222827682524
358,359,0.4858105791265103,0.011216095232307377,0.5029733256411819
359,360,0.4925140428388667,0.30041786103943047,0.20706809612170335
360,361,0.486038105598716,0.4015168728318432,0.11244502156944117
361,362,0.46311626205778195,0.31753140601641433,0.2193523319258038
362,363,0.4656631469199973,0.17875010142908335,0.35558675165091935
363,364,0.3053999780464698,0.45668273307764157,0.23791728887588837
364,365,0.47353253986827076,0.12489473590822057,0.4015727242235091
365,366,0.4987998399229346,0.49852720275133283,0.002672957325733012
366,367,0.48756805276035886,0.45090665005067637,0.0615252971889644
367,368,0.47720404002281797,0.24013927892296394,0.2826566810542185
368,369,0.4900595988747186,0.024256437925837964,0.48568396319944335
369,370,0.31465799944773876,0.33976913411224285,0.3455728664400186
370,371,0.3166289580328759,0.22061269381787565,0.4627583481492486
371,372,0.35085035280798443,0.35509122768220736,0.29405841950980854
372,373,0.526126951756245,0.03242185677875748,0.44145119146499795
373,374,0.44539534928173624,0.10808435885581061,0.4465202918624531
374,375,0.49817061304048754,0.5015712317767949,0.00025815518271781124
375,376,0.47388797030096497,0.48279531337880927,0.04331671632022563
376,377,0.3916899777953346,0.43516216209353026,0.1731478601111354
377,378,0.3689680870002496,0.3963238450814794,0.23470806791827098
378,379,0.4280041358405965,0.46623488182694534,0.10576098233245847
379,380,0.15064955538918307,0.5093097842837744,0.34004066032704283
380,381,0.38500831000344776,0.39783785225386264,0.21715383774269023
381,382,0.4704323570857338,0.11561262188591859,0.41395502102834797
382,383,0.5091934588665069,0.015407612070266976,0.4753989290632259
383,384,0.14244185653976005,0.4404966338877971,0.4170615095724434
384,385,0.5270672997125642,0.46692345172298594,0.006009248564450025
385,386,0.1447869819239666,0.409815840626709,0.4453971774493249
386,387,0.5022960305300285,0.07057263545911023,0.42713133401086156
387,388,0.4975463190953698,0.23686163493269677,0.26559204597193325
388,389,0.48316762699718724,0.04632058777540581,0.47051178522740683
389,390,0.3047250101433209,0.3259276869209981,0.36934730293568135
390,391,0.46677266391148436,0.014223988790478969,0.5190033472980365
391,392,0.4303247022456413,0.23014441178007536,0.33953088597428316
392,393,0.40219358043794984,0.531242933017611,0.06656348654443928
393,394,0.3033781118989734,0.4060226957538657,0.2905991923471604
394,395,0.4274013150086494,0.5135944356594961,0.059004249331854386
395,396,0.43028036450223967,0.4824141176178197,0.08730551787994054
396,397,0.5160726772481155,0.4746231316118764,0.009304191140008312
397,398,0.3707398939434221,0.49745377605200936,0.13180633000456773
398,399,0.40860483227960254,0.3960819669796036,0.19531320074079345
399,400,0.37566415263203545,0.24356675327505117,0.38076909409291326
400,401,0.4745148433477348,0.29261532072687507,0.2328698359253898
401,402,0.32985186945908856,0.4086147949831439,0.26153333555776764
402,403,0.4170957516330262,0.400680360801323,0.18222388756565094
403,404,0.4009783489207154,0.2260381468251288,0.3729835042541561
404,405,0.4510518531468683,0.3900560869170613,0.1588920599360705
405,406,0.44319576555572454,0.3093147759792124,0.24748945846506323
406,407,0.30907986951688343,0.3912338508535279,0.2996862796295886
407,408,0.27787306931071565,0.32334277911626574,0.3987841515730193
408,409,0.15440200289793582,0.3011594801175325,0.5444385169845317
409,410,0.3098843133406564,0.3909042249014297,0.29921146175791385
410,411,0.37939867020044665,0.2759186330755062,0.3446826967240471
411,412,0.4870161970170606,0.23407548873959702,0.2789083142433422
412,413,0.4727066792771579,0.23151756926502176,0.2957757514578202
413,414,0.47460435247607324,0.17693017481878062,0.3484654727051466
414,415,0.46587239110640344,0.15610535634295925,0.37802225255063776
415,416,0.517843191406895,0.46507138607408754,0.01708542251901696
416,417,0.48632719752000775,0.42487656961241554,0.08879623286757725
417,418,0.4902232574908038,0.4901251540055146,0.01965158850368091
418,419,0.4969242833142185,0.5006404937035956,0.0024352229821855034
419,420,0.47952882967378563,0.18341649372549687,0.3370546766007178
420,421,0.3477028246785996,0.4168426894061476,0.23545448591525334
421,422,0.4523393486606574,0.5090920461619626,0.0385686051773799
422,423,0.44872504424402315,0.41779606203761893,0.13347889371835783
423,424,0.48532304769723045,0.46053116223529134,0.05414579006747872
424,425,0.49953359414744103,0.3453562195957633,0.15511018625679565
425,426,0.48933227824734044,0.05693351542450134,0.45373420632815803
426,427,0.43414731271131995,0.04762685350520719,0.5182258337834728
427,428,0.042955948951161824,0.44990242050590434,0.5071416305429338
428,429,0.5056810438373762,0.48216011845622503,0.012158837706398789
429,430,0.5672949939938863,0.2670253981916583,0.165679607814456
430,431,0.5549034925019557,0.31871575333163565,0.12638075416640848
431,432,0.44393802222248446,0.08775573139769666,0.46830624637981894
432,433,0.4685209710401079,0.03795908040329428,0.49351994855659725
433,434,0.4494725622662237,0.17990761009701353,0.3706198276367636
434,435,0.49972437071775505,0.265037736185353,0.23523789309689175
435,436,0.5141734018525568,0.3487267959132556,0.13709980223418788
436,437,0.43195460058676327,0.19429154472753704,0.3737538546856996
437,438,0.5631238508870412,0.2472112359513099,0.18966491316164882
438,439,0.45068929023497994,0.28573186157259145,0.26357884819242866
439,440,0.5167149763906758,0.005220811907348279,0.47806421170197544
440,441,0.42781222757135823,0.11772358710079982,0.4544641853278425
441,442,0.42834350892958145,0.17280392033216221,0.39885257073825586
442,443,0.4758615301721636,0.3852380203181924,0.13890044950964361
443,444,0.4979399663060015,0.0062769587891220845,0.495783074904877
444,445,0.4613037331313465,0.05976007581674814,0.4789361910519055
445,446,0.3857340307505763,0.37765927744077976,0.2366066918086442
446,447,0.49516350687586674,0.013817004100836855,0.49101948902329623
447,448,0.4880361611338117,0.03123264880157486,0.4807311900646137
448,449,0.522981757948621,0.2946220630185337,0.1823961790328453
449,450,0.4164570105253449,0.4331416471449275,0.15040134232972793
450,451,0.4846161305174538,0.4910463353142629,0.024337534168283596
451,452,0.5056140029763799,0.4870931450976424,0.00729285192597759
452,453,0.3940175893689485,0.5180061742652634,0.08797623636578845
453,454,0.3379198034726464,0.10491976186117224,0.5571604346661807
454,455,0.3579182907906636,0.2640151999642563,0.3780665092450796
455,456,0.4707756771725464,0.49729740110540277,0.03192692172205054
456,457,0.4867335440052439,0.0073167131174854795,0.505949742877271
457,458,0.38827865575930726,0.22024498563762188,0.3914763586030708
458,459,0.3730682829976964,0.12680749717736767,0.500124219824936
459,460,0.42516573478998865,0.05989693191124191,0.5149373332987699
460,461,0.48676617620328355,0.0029365431231644355,0.5102972806735522
461,462,0.4290358363541287,0.5314777458676769,0.03948641777819456
462,463,0.5023862167266407,0.49437705242192764,0.0032367308514313115
463,464,0.4552162998282012,0.4575869872648066,0.08719671290699309
464,465,0.4665296115297902,0.5021056937576348,0.031364694712574755
465,466,0.5144101354298116,0.47790639263633894,0.007683471933849614
466,467,0.11738819013313628,0.49669950455593304,0.38591230531093057
467,468,0.4174659556350823,0.07088132024741325,0.5116527241175046
468,469,0.37500852953568503,0.5783441558104819,0.04664731465383338
469,470,0.43859837125966394,0.487665189651867,0.07373643908846877
470,471,0.49190073855958794,0.5061219021576367,0.0019773592827759035
471,472,0.4718513440660964,0.12621651184846508,0.40193214408543865
472,473,0.4965219164480974,0.5018583655792374,0.001619717972665138
473,474,0.49896756504970907,0.5006399629117202,0.00039247203857099296
474,475,0.06903562697362856,0.5306513648236045,0.4003130082027665
475,476,0.4553699266916965,0.5003072388103085,0.044322834497994484
476,477,0.5108195843144543,0.4405417048808002,0.04863871080474519
477,478,0.47524191885754685,0.37458894283823846,0.15016913830421494
478,479,0.5105609466288522,0.48849119921205525,0.0009478541590927855
479,480,0.47349637963344426,0.496998047834632,0.02950557253192393
480,481,0.48206831613460926,0.4536338154118435,0.06429786845354737
481,482,0.489851479995366,0.05247480156597214,0.4576737184386623
482,483,0.477325482928416,0.3489091061708204,0.17376541090076342
483,484,0.5014229280980753,0.4951323253936679,0.003444746508256947
484,485,0.48514966737242193,0.4899119068949983,0.024938425732580104
485,486,0.49997827155490093,0.49992108727934415,0.00010064116575479741
486,487,0.3786304809176273,0.4362344463698848,0.18513507271248775
487,488,0.49942464928803837,0.5000957790810077,0.0004795716309533899
488,489,0.4013859937986113,0.46427743433218316,0.13433657186920545
489,490,0.43598992255972874,0.4578832561705078,0.10612682126976372
490,491,0.48164360345670965,0.4458842472898272,0.07247214925346354
491,492,0.4915321527771654,0.505675012341986,0.0027928348808488974
492,493,0.34643794601140165,0.5321330820561463,0.12142897193245253
493,494,0.018283836156260475,0.5132863596706189,0.46842980417312075
494,495,0.4944961504843715,0.4597256538180146,0.04577819569761368
495,496,0.49903016210127904,0.4976474339544935,0.003322403944227436
496,497,0.4984677635851725,0.48030498695548923,0.021227249459338036
497,498,0.4988390632065618,0.4983418044354756,0.002819132357962963
498,499,0.48367756829170555,0.15167940287933468,0.36464302882895994
499,500,0.4133378367173779,0.47958984993697695,0.10707231334564458
500,501,0.465116646148919,0.30749773158706073,0.22738562226402104
501,502,0.5710003524563259,0.2279841990613999,0.20101544848227407
502,503,0.45380161240980005,0.5118138583479178,0.03438452924228276
503,504,0.22733278687757896,0.4418585033502106,0.3308087097722104
504,505,0.5277727325493351,0.4642462539126822,0.007981013537983243
505,506,0.4846448983276337,0.4875974440410969,0.027757657631268987
506,507,0.33703206319543544,0.3897552860961522,0.27321265070841244
507,508,7.815088766804963e-06,0.5000968215200148,0.49989536339121826
508,509,0.02144937890245248,0.5108886918452535,0.4676619292522941
509,510,0.4520918886006288,0.5083987134577839,0.039509397941587504
510,511,0.5010705092122546,0.4288187958142999,0.07011069497344555
511,512,0.5081307227472392,0.38980889010578434,0.10206038714697648
512,513,0.5309548530128154,0.33734079925801086,0.13170434772917375
513,514,0.32497075018715754,0.40632171429446773,0.26870753551837406
514,515,0.24056895355973254,0.22201315132916533,0.5374178951111018
515,516,0.4842390411945509,0.3873377518922695,0.12842320691317954
516,517,0.3892289672724379,0.4049601515720825,0.2058108811554802
517,518,0.22714153424625974,0.5143659464809599,0.2584925192727806
518,519,0.1741308336457697,0.4278385894115579,0.3980305769426719
519,520,0.3644900965352792,0.32170144971466597,0.313808453750054
520,521,0.06599464502876294,0.4196440143752766,0.5143613405959605
521,522,0.3455659045423284,0.27573742291277015,0.37869667254490164
522,523,0.09252421324498046,0.3589652685139142,0.5485105182411052
523,524,0.41054054420115405,0.4937342555256567,0.09572520027318888
524,525,0.5180200755159025,0.08905372234935341,0.39292620213474416
525,526,0.4753936415884948,0.4130356933116386,0.11157066509986673
526,527,0.49800981963665375,0.4994788665833917,0.0025113137799548744
527,528,0.47745732485978537,0.03759504111862446,0.4849476340215902
528,529,0.46079138076549897,0.251857434884994,0.28735118434950657
529,530,0.4548147455765168,0.1731188236458911,0.37206643077759194
530,531,0.14950317273677757,0.41790387113083355,0.43259295613238913
531,532,0.4287777922415473,0.5092460032503904,0.061976204508062654
532,533,0.003366737961880858,0.5262516486539293,0.47038161338418927
533,534,0.17324455274903455,0.4492764996106662,0.37747894764029966
534,535,0.346143894818272,0.26550134664988806,0.3883547585318393
535,536,0.5012910719716834,0.49842007705860947,0.00028885096970682244
536,537,0.5014840116449918,0.4964980805459502,0.0020179078090578413
537,538,0.4634511529404423,0.4866929387721583,0.04985590828739964
538,539,0.49883638201417346,0.4656724679553562,0.03549115003047065
539,540,0.09941718123228675,0.4850112231212453,0.4155715956464674
540,541,0.5106382710714984,0.008300545694681761,0.4810611832338199
541,542,0.5968727049767358,0.22689853056309586,0.1762287644601681
542,543,0.3659208310529634,0.4007387008868746,0.2333404680601611
543,544,0.455262318785223,0.4807717016503683,0.0639659795644083
544,545,0.36835872117745416,0.43499979609824846,0.19664148272429752
545,546,0.5008286385303611,0.49713989426153765,0.0020314672081018174
546,547,0.4682704178166356,0.32251126570162214,0.20921831648174222
547,548,0.4681198280032361,0.43399033788522934,0.09788983411153485
548,549,0.4606938346219485,0.20647608735803627,0.3328300780200154
549,550,0.4611684437041033,0.04364453718676744,0.49518701910912993
550,551,0.36245904032282505,0.357726546964229,0.27981441271294616
551,552,0.41635442229961,0.36134743832804067,0.22229813937234938
552,553,0.4319452917958929,0.23822614097546996,0.32982856722863696
553,554,0.5054884012897601,0.0010057057196752727,0.4935058929905646
554,555,0.6272843773919913,0.2670642887717846,0.10565133383622413
555,556,0.4907358397379668,0.06412106304449955,0.44514309721753387
556,557,0.4893337206789047,0.016038329766823355,0.4946279495542715
557,558,0.48480196366834283,0.16369307887349746,0.3515049574581596
558,559,0.43162477814634925,0.1725490959240299,0.39582612592962135
559,560,0.4536101894470183,0.12330741112068855,0.42308239943229337
560,561,0.48017220551412465,0.10143537353941061,0.4183924209464645
561,562,0.47680330031314666,0.39608513353953195,0.12711156614732094
562,563,0.47425508316352105,0.04805948553664323,0.47768543129983554
563,564,0.4994579343919856,0.005184134192678333,0.49535793141533574
564,565,0.4961623910387796,0.45088825797912185,0.05294935098209876
565,566,0.42433995772349725,0.3621150317921186,0.21354501048438415
566,567,0.48725423859296113,0.47758034376063874,0.03516541764640028
567,568,0.5002890235300617,0.499499023927826,0.00021195254211221155
568,569,0.322805483380943,0.45174759932483893,0.2254469172942186
569,570,0.36118850404936836,0.3918772065729265,0.246934289377705
570,571,0.2897103295981302,0.4292088851888755,0.2810807852129937
571,572,0.3488361441630104,0.4107765470412129,0.24038730879577622
572,573,0.4879937741939961,0.49408289675563205,0.0179233290503719
573,574,0.4917708848391654,0.5064158463658215,0.001813268795013422
574,575,0.4944863105214746,0.48789929648226915,0.017614392996256275
575,576,0.4311338960310806,0.371936620081511,0.1969294838874084
576,577,0.4952019923260916,0.43084163542554327,0.07395637224836547
577,578,0.5009556367386222,0.4248452361404016,0.07419912712097589
578,579,0.5041120228922294,0.4952019649280135,0.0006860121797571654
579,580,0.49554990042858305,0.5039843612259244,0.0004657383454924253
580,581,0.32807165025954854,0.4342009876342443,0.23772736210620718
581,582,0.29113348868034455,0.43034630773153154,0.2785202035881236
582,583,0.4784941198541659,0.5117253821176143,0.009780498028219632
583,584,0.10734093079191942,0.5595533001854055,0.3331057690226758
584,585,0.32550503422023636,0.497329630962,0.17716533481776384
585,586,0.48703941802702305,0.47686967975983796,0.03609090221313884
586,587,0.45980094078273404,0.5290307661169279,0.011168293100338103
587,588,0.3065036086955172,0.15123659093327038,0.5422598003712122
588,589,0.5026446377686018,0.4942746508441897,0.0030807113872085776
589,590,0.30776694187009673,0.31216541617497695,0.3800676419549267
590,591,0.4957425894670026,0.41876622952164766,0.08549118101134923
591,592,0.35212160961824385,0.3542221095607729,0.29365628082098283
592,593,2.5159533351321315e-07,0.5002026501965272,0.4997970982081395
593,594,0.29987021026440047,0.09511096486238808,0.6050188248732119
594,595,0.5237058688127911,0.47245755371039155,0.003836577476816913
595,596,0.5347033302611512,0.44015084685060485,0.025145822888243716
596,597,0.25576756935870487,0.24065123425929788,0.5035811963819967
597,598,0.2086536369202928,0.4870327597009629,0.30431360337874497
598,599,0.4379586057739003,0.4211764162319257,0.14086497799417436
599,600,0.483067511952831,0.5066595143534515,0.010272973693717664
600,601,0.4927739375658162,0.4964180938255796,0.01080796860860414
