,Window_Index,Loading_Temperature_Prop,Loading_force_Prop,Loading_Voltage_Prop
0,1,0.5261930320987086,0.4652639126743766,0.008543055226914686
1,2,0.48517990652727255,0.5032990143661932,0.011521079106533993
2,3,0.10447179668864061,0.5098290747772289,0.38569912853413046
3,4,0.49964468843271564,0.46472179184554885,0.03563351972173536
4,5,0.42410954356347635,0.44690891950572864,0.12898153693079498
5,6,0.42319716341955954,0.4206122618931307,0.15619057468731048
6,7,0.4599035188673372,0.43907196101426865,0.10102452011839419
7,8,0.09478118394252501,0.44728492142251586,0.45793389463495987
8,9,0.2968142894375341,0.5371820982090721,0.16600361235339317
9,10,0.4944474728835861,0.501688200959379,0.0038643261570347944
10,11,0.18668313897627992,0.533216014506957,0.2801008465167631
11,12,0.49087933518859495,0.5015051665084801,0.0076154983029251
12,13,0.4971961175406199,0.5024684800096901,0.0003354024496896444
13,14,0.39459629554141024,0.37786490603178763,0.22753879842680208
14,15,0.47456634976303136,0.4749673297918778,0.05046632044509104
15,16,0.49801586239897566,0.495016881680089,0.006967255920934892
16,17,0.4865356253841489,0.383459103607592,0.1300052710082586
17,18,0.4312376881390564,0.34985074516970266,0.2189115666912411
18,19,0.47546849226686433,0.4398806996719538,0.08465080806118208
19,20,0.4983932455273218,0.5003712059121003,0.0012355485605781492
20,21,0.5002959831630753,0.4996069947021065,9.70221348178464e-05
21,22,0.4955629273419582,0.49844158693374324,0.005995485724298409
22,23,0.4854115224064053,0.47475602869145306,0.03983244890214209
23,24,0.5009043075552534,0.49894680245665846,0.0001488899880879351
24,25,0.5149511697807807,0.01023421802214769,0.4748146121970715
25,26,0.45008829627755087,0.4351701653663484,0.114741538356101
26,27,0.5004185976586005,0.49821646430411465,0.0013649380372847972
27,28,0.5344423765943008,0.45237342380171547,0.013184199603983338
28,29,0.46964700209275806,0.4775474797584522,0.05280551814878995
29,30,0.49465967254181203,0.4944340671480284,0.01090626031015969
30,31,0.4779702832172468,0.48584333905065824,0.0361863777320946
31,32,0.48873494661233813,0.4956808430538683,0.015584210333793876
32,33,0.4863414742914907,0.49576020102468904,0.017898324683820174
33,34,0.4942152185477363,0.4995925380919346,0.006192243360329465
34,35,0.4991799605175223,0.49998266800775004,0.0008373714747278176
35,36,0.4913021696542561,0.49668512097195905,0.012012709373785027
36,37,0.48795179238831027,0.4835468866379692,0.028501320973721034
37,38,0.4974596069212445,0.493133676880621,0.009406716198134093
38,39,0.4576001272044736,0.48993740113574213,0.052462471659783926
39,40,0.12064123999254692,0.4581631686775883,0.4211955913298649
40,41,0.4227568514390999,0.218392181932949,0.35885096662795096
41,42,0.3255604465196997,0.3357016623939047,0.3387378910863954
42,43,0.30943169602280746,0.3415534978656267,0.3490148061115662
43,44,0.28180054134600296,0.3520331385354659,0.3661663201185308
44,45,0.47415566109230517,0.08523739858847937,0.44060694031921466
45,46,0.34836851019289317,0.31351050764704563,0.3381209821600611
46,47,0.33838635267154865,0.3206156077623867,0.34099803956606434
47,48,0.34296767353123786,0.31409297924646745,0.3429393472222954
48,49,0.34549108998699346,0.30850827686095655,0.3460006331520502
49,50,0.3606211877237305,0.2793978721120771,0.3599809401641929
50,51,0.35872942424600024,0.2759421304148643,0.3653284453391352
51,52,0.36205699055870416,0.2749636168577192,0.362979392583576
52,53,0.33297716273785727,0.31240348241729915,0.3546193548448441
53,54,0.32329911489092655,0.3257865666724858,0.3509143184365882
54,55,0.07812738020738927,0.45300400623174547,0.4688686135608654
55,56,0.14415227138397196,0.41578875732072795,0.4400589712953002
56,57,0.3304196567242234,0.3159569881378456,0.3536233551379307
57,58,0.14155810617269501,0.4149613598213217,0.44348053400598325
58,59,0.30224352666267185,0.2987700822413073,0.3989863910960206
59,60,0.3531861376370703,0.2589085883056499,0.3879052740572796
60,61,0.3495190980617223,0.2564153454913871,0.39406555644689073
61,62,0.3672975596659795,0.23923144239899838,0.3934709979350217
62,63,0.3018954702400918,0.2966851662347427,0.4014193635251648
63,64,0.40096401449829916,0.18502347413098244,0.41401251137071843
64,65,0.4737312498965673,0.05661852675193095,0.46965022335150153
65,66,0.4911770088769903,0.026070559856513534,0.482752431266496
66,67,0.31126465084955623,0.3022804769844389,0.3864548721660044
67,68,0.3600916776161137,0.27392071322631256,0.36598760915757367
68,69,0.375886901429407,0.24863839251393502,0.37547470605665817
69,70,0.40025527107409214,0.20244457155296333,0.39730015737294405
70,71,0.3796814746154949,0.23087831786403085,0.38944020752047437
71,72,0.37761750987348863,0.21933938407122616,0.4030431060552852
72,73,0.3710826983473638,0.18049084195578508,0.4484264596968512
73,74,0.177098004017472,0.4389217910361684,0.38398020494635926
74,75,0.2149239829794562,0.42281771792042716,0.36225829910011664
75,76,0.4366878687058689,0.10733069323405377,0.45598143806007757
76,77,0.4573514783586189,0.06735670058537636,0.4752918210560044
77,78,0.3644503607692214,0.13826570875146516,0.49728393047931374
78,79,0.23345557815261125,0.2586743057655385,0.5078701160818498
79,80,0.4075290236603646,0.138846470156035,0.4536245061836005
80,81,0.266180035951389,0.2408142639110512,0.4930057001375603
81,82,0.18715502058328606,0.44670338029121354,0.3661415991255005
82,83,0.42644660298365233,0.15574282066896897,0.41781057634737895
83,84,0.45285751303972355,0.10153611401221904,0.4456063729480578
84,85,0.4711550623728012,0.041903061687238646,0.4869418759399603
85,86,0.42704447902463144,0.14899995234049396,0.4239555686348748
86,87,0.4992437960285661,0.0012327066680380438,0.4995234973033961
87,88,0.3458308017215713,0.2985259643933305,0.3556432338850985
88,89,0.03422981550054075,0.5086731373243369,0.4570970471751221
89,90,0.49958825954344455,0.4853053620522847,0.015106378404271445
90,91,0.4552351402901984,0.4057252020403437,0.13903965766945786
91,92,0.4692806090021471,0.4404814431636494,0.09023794783420343
92,93,0.5005833895479005,0.47777672715496905,0.021639883297129913
93,94,0.5006105011295493,0.4983906769621665,0.0009988219082840864
94,95,0.36512065901231483,0.43018365827957233,0.20469568270811292
95,96,0.47653798157802263,0.4939421598421387,0.02951985857983776
96,97,0.4965412942627201,0.00016182703895052634,0.5032968786983294
97,98,0.36345692129669516,0.3586368160511242,0.27790626265218094
98,99,0.42777721072130975,0.3668237683120213,0.20539902096666882
99,100,0.43127227900860404,0.32052307695669996,0.24820464403469641
100,101,0.41472625817383574,0.29054494253890545,0.2947287992872586
101,102,0.4089161016312282,0.28048425341038297,0.3105996449583881
102,103,0.4350236152283194,0.13518542187966287,0.42979096289201807
103,104,0.4037903771933321,0.21997231975295603,0.37623730305371206
104,105,0.3920147917163019,0.2795078538285657,0.3284773544551328
105,106,0.024752073008672708,0.5100152232365731,0.46523270375475384
106,107,0.28682834695770226,0.3339589668271689,0.3792126862151286
107,108,0.377546126428018,0.29064792601155864,0.3318059475604227
108,109,0.37115327534591747,0.3108775247328384,0.3179691999212442
109,110,0.3752537336304129,0.30325045192925043,0.3214958144403371
110,111,0.37386212483855186,0.32838988765590366,0.29774798750554465
111,112,0.3890386888575873,0.3219968767881043,0.2889644343543085
112,113,0.42731750271189095,0.3163645836853516,0.25631791360275713
113,114,0.4708060081049166,0.3039046932494565,0.2252892986456263
114,115,0.48475512447889596,0.3048195950157462,0.21042528050535847
115,116,0.47781200996714324,0.07747054388952075,0.44471744614333575
116,117,0.4257722019648133,0.28264028905537797,0.29158750897980884
117,118,0.49383464971365365,0.5009314208699923,0.005233929416353978
118,119,0.5090400890361065,0.4792995172170736,0.011660393746819781
119,120,0.4726256560821236,0.48659775067361644,0.04077659324425997
120,121,0.40848778755751763,0.3708639210789665,0.22064829136351605
121,122,0.47368367174469406,0.43774314925322544,0.08857317900208092
122,123,0.4921200952098908,0.4519314051387796,0.05594849965132948
123,124,0.4713034272358295,0.3839615484333734,0.14473502433079738
124,125,0.44781303460398214,0.37246533404900994,0.1797216313470081
125,126,0.45210433714972464,0.35137419347668813,0.19652146937358805
126,127,0.4953547117139952,0.4942785671135487,0.010366721172456272
127,128,0.4840200586340596,0.3454950198307551,0.17048492153518557
128,129,0.4450117937121317,0.24184380517485968,0.3131444011130083
129,130,0.47032277394899036,0.39452017132944905,0.13515705472156023
130,131,0.4740631173451809,0.4766506363345071,0.04928624632031174
131,132,0.49737230581449904,0.4772440003473145,0.02538369383818617
132,133,0.47653249897534233,0.4451691904669512,0.07829831055770693
133,134,0.44112103594788205,0.49330956471688814,0.06556939933523048
134,135,0.48034086758897077,0.28341804710507296,0.23624108530595628
135,136,0.48952917153582426,0.33159714815037256,0.17887368031380338
136,137,0.49650613041823316,0.4692827888374402,0.0342110807443265
137,138,0.34463896618507334,0.47632567532486536,0.17903535849006152
138,139,0.4931322296130921,0.5015254112138374,0.00534235917307084
139,140,0.4464970735100916,0.46774930117931435,0.0857536253105941
140,141,0.5009236320467014,0.49871054622924627,0.00036582172405234716
141,142,0.49333421312540754,0.48599128787706397,0.020674498997527553
142,143,0.4876635808913884,0.441473371764375,0.07086304734423662
143,144,0.51613938221952,0.39390269908734743,0.08995791869313241
144,145,0.5162932717745513,0.48215189632468836,0.0015548319007603621
145,146,0.5247188050961098,0.11773809456319412,0.35754310034069603
146,147,0.45184387655392205,0.17278026319552123,0.3753758602505568
147,148,0.4788586543947469,0.2262293334731204,0.29491201213213236
148,149,0.5445282583777109,0.2906349892479415,0.16483675237434706
149,150,0.505229671369721,0.44667391598280237,0.04809641264747645
150,151,0.4661534220235269,0.3956764060428646,0.13817017193360853
151,152,0.49905359720301473,0.4982817573727784,0.0026646454242066683
152,153,0.4404693525477698,0.4342582608033394,0.1252723866488907
153,154,0.48349805271365276,0.5005790281914506,0.015922919094897035
154,155,0.5000214365998635,0.4995523886860976,0.0004261747140383537
155,156,0.5093118344266362,0.47406529039820494,0.0166228751751591
156,157,0.4460335849727727,0.3490724939100093,0.20489392111721796
157,158,0.5056915697052653,0.49331877173752614,0.0009896585572083151
158,159,0.39468912270588646,0.5061096922263373,0.09920118506777623
159,160,0.39167871064020937,0.2948684983050994,0.3134527910546915
160,161,0.3279041940925633,0.3996500425413587,0.27244576336607845
161,162,0.473572780012181,0.4676278281549778,0.0587993918328412
162,163,0.4965344269489252,0.17386578925840732,0.3295997837926668
163,164,0.05329896898185372,0.38652195801865136,0.5601790729994952
164,165,0.1634771044602227,0.42992878280616864,0.4065941127336085
165,166,0.5022955567373902,0.003808927585355412,0.4938955156772541
166,167,0.5343745546729806,0.1011711466481689,0.3644542986788508
167,168,0.5176616302870768,0.3990547435373886,0.08328362617553521
168,169,0.5056859902859454,0.49351526545062524,0.000798744263428745
169,170,0.48317825444244805,0.011333308844313794,0.505488436713238
170,171,0.39789683398354153,0.06123364795478125,0.5408695180616774
171,172,0.4562332831321676,0.3233539161270611,0.2204128007407711
172,173,0.062046009512559924,0.4086656455251262,0.5292883449623133
173,174,0.4399382610035377,0.4141993896985011,0.14586234929796088
174,175,0.4993422727507757,0.4994907501189349,0.0011669771302894323
175,176,0.40564621234071585,0.390299557198156,0.20405423046112783
176,177,0.5005923712821673,0.4986381678293214,0.000769460888510795
177,178,0.4894789192129904,0.496375898942781,0.0141451818442285
178,179,0.5098660186988831,0.4201755565744814,0.06995842472663542
179,180,0.45694863916095513,0.47730458251170566,0.06574677832734006
180,181,0.41446310024095184,0.4087686848615638,0.1767682148974842
181,182,0.446559363505647,0.44132038741209517,0.11212024908225737
182,183,0.5040851616506493,0.40440728235713685,0.0915075559922134
183,184,0.48109399810381887,0.23890588679912658,0.2800001150970547
184,185,0.45470513299669735,0.34636434652034365,0.19893052048295917
185,186,0.48170532125179083,0.4688260153294434,0.04946866341876624
186,187,0.5087918372602431,0.4889295314587685,0.0022786312809878525
187,188,0.47648253552859865,0.4707844715019578,0.05273299296944383
188,189,0.4791042550507341,0.47868238456548695,0.042213360383778965
189,190,0.4589620265320375,0.47373693025269914,0.06730104321526302
190,191,0.5329540485384765,0.23958725870191436,0.2274586927596095
191,192,0.5188193571412048,0.3039844442617291,0.17719619859706617
192,193,0.0380580167547985,0.4282850700055698,0.5336569132396312
193,194,0.31900232993442096,0.3825434667988513,0.29845420326672834
194,195,0.44139631790406675,0.5082966701588917,0.050307011937042276
195,196,0.06486702187873596,0.5699313306445244,0.36520164747674044
196,197,0.44339494197929785,0.3929499842731966,0.1636550737475059
197,198,0.4937564405280653,0.47203423839467906,0.03420932107725572
198,199,0.44693583259177944,0.3914262939972995,0.16163787341092156
199,200,0.5048965300956829,0.391260996687268,0.10384247321704902
200,201,0.500009648958606,0.49983469795288105,0.00015565308851357164
201,202,0.5091888383217653,0.47601958362086505,0.01479157805736986
202,203,0.4239359860403648,0.36959521692464326,0.2064687970349923
203,204,0.5639184323438512,0.33975284740331274,0.09632872025283604
204,205,0.5258529487225561,0.45067496458343914,0.023472086694005148
205,206,0.291090762781225,0.45898091736997204,0.24992831984880254
206,207,0.4463796302906491,0.45248338010544015,0.10113698960391097
207,208,0.4456657734009991,0.29384505572585673,0.2604891708731436
208,209,0.5389806615785915,0.1734006378146616,0.2876187006067465
209,210,0.43534904679896264,0.45203648584603734,0.11261446735499946
210,211,0.1684704359606442,0.4432727406433425,0.3882568233960135
211,212,0.07923800232575587,0.40273137969339645,0.5180306179808483
212,213,0.5129486694366426,0.4826329576075507,0.0044183729558066025
213,214,0.5104336537745746,0.4656300249167639,0.023936321308661496
214,215,0.5325871982970628,0.06753586768401702,0.3998769340189203
215,216,0.4383000790445879,0.3977377558145627,0.16396216514084963
216,217,0.4882142642375701,0.4810940294596868,0.030691706302743524
217,218,0.46123919317510687,0.4791312704783748,0.05962953634651812
218,219,0.5131429348396926,0.009096680513867271,0.4777603846464401
219,220,0.5003662971074186,0.3436157988608964,0.15601790403168586
220,221,0.47186836318521275,0.33498434484939865,0.1931472919653889
221,222,0.46974169012655875,0.37273837455984926,0.15751993531359101
222,223,0.439372145906631,0.3181580752004135,0.2424697788929557
223,224,0.4514133521871523,0.027089545524032577,0.5214971022888151
224,225,0.4967545876286494,0.5007963302438222,0.00244908212752809
225,226,0.51469443474183,0.4141339626161245,0.07117160264204538
226,227,0.0013073971342469736,0.500941093206949,0.49775150965880427
227,228,0.226803369211886,0.2866832022649934,0.4865134285231204
228,229,7.985833477185933e-05,0.4997461781254037,0.5001739635398246
229,230,0.43604211019431477,0.326633257615093,0.23732463219059247
230,231,0.48922941844948853,0.13358595825712652,0.3771846232933843
231,232,0.5082938230221328,0.40242401895781926,0.08928215802004782
232,233,0.49089929832938256,0.43679517521915084,0.07230552645146683
233,234,0.3956183422433209,0.41351766037057086,0.1908639973861087
234,235,0.4181706496901179,0.20564009986808676,0.3761892504417959
235,236,0.4586144773222088,0.0665602730828276,0.47482524959496303
236,237,0.3759383390209658,0.18302660103207874,0.4410350599469554
237,238,0.51441814325612,0.3195416839093236,0.16604017283455622
238,239,0.4999555327576159,0.5000208050154371,2.366222694738483e-05
239,240,0.4995396539396294,0.49098118998691326,0.009479156073457338
240,241,0.49020817836752545,0.49725350782218447,0.012538313810290521
241,242,0.49401311040325907,0.5013051027710769,0.004681786825664093
242,243,0.1420164369139915,0.5458843095701456,0.31209925351586304
243,244,0.5032183991502339,0.05531032626561702,0.4414712745841487
244,245,0.5374746851016241,0.33415532389696817,0.12836999100140764
245,246,0.5234147720997467,0.09301460086036012,0.38357062703989336
246,247,0.3240525804297549,0.259891300577062,0.416056118993184
247,248,0.41697155082179566,0.38290850270095583,0.20011994647724932
248,249,0.4503133219060516,0.397310804711275,0.15237587338267375
249,250,0.4684697966369186,0.4482973386633169,0.08323286469976442
250,251,0.4027205579862018,0.28465523325795766,0.3126242087558403
251,252,0.02387205651582716,0.5105389593427666,0.4655889841414065
252,253,0.1886114583046004,0.44415740904079115,0.3672311326546081
253,254,0.11369627350906324,0.37231137931410874,0.5139923471768278
254,255,0.1241056205945544,0.2683132779071356,0.6075811014983091
255,256,0.1226712746852614,0.5566541029111918,0.32067462240354644
256,257,0.2699087473446471,0.3541046478611174,0.37598660479423535
257,258,0.24838881084359785,0.5456869430514711,0.20592424610493099
258,259,0.4379609664879564,0.4735421151543021,0.08849691835774207
259,260,0.44390848731324106,0.5053688826629867,0.05072263002377274
260,261,0.021075405675523948,0.5254275004948643,0.4534970938296121
261,262,0.11727992765631887,0.4801824533459273,0.40253761899775353
262,263,0.4952689257536341,0.0005663942985297632,0.5041646799478362
263,264,0.44983501711284224,0.02711616839170972,0.523048814495448
264,265,0.025215322234550478,0.5430302101548469,0.4317544676106026
265,266,0.4676009247129405,0.2463656056077759,0.2860334696792839
266,267,0.257979554879691,0.4490237032729799,0.2929967418473292
267,268,0.5189684323695717,0.3977304994778007,0.0833010681526277
268,269,0.4950387229458319,0.4957121773889861,0.009249099665182123
269,270,0.4702062033109018,0.3811560735327407,0.14863772315635734
270,271,0.46401105127709097,0.48758467647522813,0.04840427224768097
271,272,0.3894701973142435,0.18752165318869732,0.4230081494970598
272,273,0.46097278105587913,0.06894733446055351,0.4700798844835669
273,274,0.4850213157025601,0.4981722356263027,0.016806448671137574
274,275,0.5008270312893152,0.4990494749461364,0.00012349376454805878
275,276,0.5152699775061627,0.48200621255927606,0.0027238099345608655
276,277,0.360817244624078,0.5537505665744182,0.0854321888015038
277,278,0.4240424712696137,0.2506097271246817,0.32534780160570403
278,279,0.5006676582631335,0.0028977807338612157,0.49643456100300537
279,280,0.5015136816981918,0.006979086285488696,0.4915072320163193
280,281,0.5103730186458205,0.03237887870565303,0.4572481026485268
281,282,0.4402489173085919,0.31907557857440316,0.24067550411700495
282,283,0.18189658536625478,0.35498295503374844,0.4631204595999963
283,284,0.5498668758048129,0.38119416109277343,0.06893896310241329
284,285,0.5179747058098524,0.0032011253585733724,0.47882416883157464
285,286,0.4682555614246082,0.057279895429646004,0.4744645431457458
286,287,0.47298461809076137,0.10069151561986843,0.4263238662893703
287,288,0.4840805053061847,0.020947814942122413,0.4949716797516933
288,289,0.39275274222174794,0.11371497227723003,0.4935322855010224
289,290,0.022244479620397405,0.4155479797059519,0.5622075406736512
290,291,0.5372466732047361,0.3908625119959927,0.07189081479927124
291,292,0.4819724568109915,0.026064105912327457,0.49196343727668146
292,293,0.5229545984688919,0.012118840174083698,0.46492656135702454
293,294,0.27658457977087925,0.5683604825971339,0.15505493763198713
294,295,0.3927804292272648,0.2406214587521148,0.3665981120206208
295,296,0.43160530686928544,0.07427584906964384,0.49411884406107115
296,297,0.3908345285905276,0.13022497049602624,0.47894050091344664
297,298,0.5537328308071504,0.3856447142588304,0.060622454934019
298,299,0.4901627985332419,0.48559170407753877,0.024245497389219
299,300,0.4784095772830965,0.3809023180530558,0.1406881046638477
300,301,0.39993119183635334,0.3667114022676845,0.2333574058959624
301,302,0.3443078953735246,0.3672375513611342,0.28845455326534075
302,303,0.4434581156266879,0.4560914772744912,0.10045040709882118
303,304,0.501480615754623,0.43770432176213164,0.06081506248324592
304,305,0.5249058896923798,0.4053864394420109,0.0697076708656091
305,306,0.5396725618052148,0.45320598987755045,0.007121448317234852
306,307,0.36908762733585687,0.3401780598079178,0.29073431285622564
307,308,0.4910794586531152,0.48613546737762797,0.022785073969256463
308,309,0.4459783253395044,0.13270285747594238,0.4213188171845541
309,310,0.5034577460029402,0.4958586558160499,0.0006835981810101032
310,311,0.5038727470635457,0.495459747397652,0.0006675055388020697
311,312,0.4741017100843624,0.5158429327483259,0.010055357167311808
312,313,0.46680827587150364,0.18285214264271216,0.350339581485784
313,314,0.3382673250061227,0.15487696105714988,0.5068557139367271
314,315,0.011130389311790286,0.46788855621038533,0.5209810544778248
315,316,0.5957620228894696,0.12042725820787344,0.28381071890265724
316,317,0.5315779457228297,0.22720859021342413,0.24121346406374633
317,318,0.5008401181154108,0.463115303815183,0.036044578069406336
318,319,0.5228500867670919,0.2733435308085302,0.20380638242437815
319,320,0.49661421982438075,0.24015783237668498,0.26322794779893466
320,321,0.5430234527442015,0.27152638063480833,0.1854501666209903
321,322,0.5178270067187842,0.00552547878097201,0.4766475145002439
322,323,0.4197536492040049,0.5185250316745655,0.06172131912142982
323,324,0.41352156284207425,0.42112730026013995,0.165351136897786
324,325,0.1077066427934357,0.46246902011957813,0.42982433708698586
325,326,0.5029122725006516,0.4805514583750869,0.016536269124261326
326,327,0.2650269426106123,0.46417880407462775,0.27079425331476
327,328,0.42905419046456855,0.5128196984215254,0.05812611111390584
328,329,0.466049428663721,0.4289376025382777,0.10501296879800157
329,330,0.44531360171130246,0.02680146948991916,0.5278849287987779
330,331,0.09322306618033292,0.5519992697063822,0.3547776641132843
331,332,0.4494161690569246,0.26613086245805023,0.2844529684850253
332,333,0.503166314993731,0.0006809967093057878,0.49615268829696335
333,334,0.4586942052967529,0.08277483975060397,0.4585309549526431
334,335,0.4831288782024169,0.013862151199819123,0.503008970597764
335,336,0.46365026473847587,0.3375700320445082,0.19877970321701582
336,337,0.4421453195905724,0.3959556950088971,0.16189898540053038
337,338,0.2243359727085303,0.44740947244158347,0.32825455484988564
338,339,0.3720656738899144,0.41167633582443147,0.21625799028565384
339,340,0.5004398696171236,0.4995415707709815,1.855961189490017e-05
340,341,0.22401961020829217,0.3627152461962264,0.41326514359548155
341,342,0.3291999224321828,0.317281750360995,0.3535183272068222
342,343,0.2260276837478846,0.47695070220313773,0.2970216140489776
343,344,0.4656576197554071,0.505327956536362,0.029014423708230794
344,345,0.5123133214495195,0.4179187652139455,0.06976791333653468
345,346,0.5412831828004475,0.4046589587649565,0.054057858434595596
346,347,0.5874629095680844,0.3702284002288748,0.0423086902030405
347,348,0.5016132604680644,0.4978698039801671,0.0005169355517685208
348,349,0.5016089623996214,0.49640354453538776,0.001987493064991167
349,350,0.4995248481026997,0.5004259804983572,4.917139894296773e-05
350,351,0.47862980204809585,0.43213462157177834,0.08923557638012602
351,352,0.6080968400566603,0.2788939929799444,0.11300916696339512
352,353,0.5334867966070989,0.2472620781085304,0.2192511252843707
353,354,0.3222012507131055,0.5410634248908371,0.13673532439605726
354,355,0.3783894128065945,0.12315244773656406,0.4984581394568416
355,356,0.23183661153581803,0.5426826089352522,0.22548077952892884
356,357,0.31684861491226934,0.4183152971633037,0.26483608792442725
357,358,0.03795424860172045,0.4703417032763218,0.4917040481219577
358,359,0.49564170588355483,0.5002403487608827,0.004117945355562353
359,360,0.45355223759127666,0.5036619508619612,0.04278581154676222
360,361,0.49402017682991917,0.17216489616417313,0.333814927005908
361,362,0.3986315199477855,0.5646551773067461,0.036713302745468634
362,363,0.47080364511571426,0.5166296629148659,0.012566691969419884
363,364,0.27899888523574784,0.34068794892626353,0.3803131658379892
364,365,0.5261227481850478,0.46220668608409055,0.011670565730861886
365,366,0.291160041723078,0.5569697215728927,0.1518702367040292
366,367,0.5078255437179259,0.4776613224426899,0.014513133839384027
367,368,0.3885148637249928,0.49213590490447195,0.1193492313705363
368,369,0.48453268767156626,0.5105822086517999,0.0048851036766341185
369,370,0.4238526993386491,0.4580436927264133,0.11810360793493721
370,371,0.4999318955912888,0.00029646286666635863,0.4997716415420452
371,372,0.4803870463441613,0.32606246179102466,0.19355049186481402
372,373,0.4901781966717767,0.44361316615430124,0.06620863717392196
373,374,0.4415675670513005,0.40930222245630515,0.14913021049239494
374,375,0.16571724975479338,0.4336462832462675,0.40063646699893896
375,376,0.4433151452926202,0.47887291196661214,0.07781194274076783
376,377,0.4778108841292737,0.4936543500526334,0.028534765818093586
377,378,0.46468538929595776,0.4906907593224016,0.0446238513816404
378,379,0.47954224233843507,0.032823650005332695,0.487634107656232
379,380,0.4712058969256829,0.49239008424017155,0.03640401883414493
380,381,0.46192189422184443,0.42819241897492016,0.10988568680323607
381,382,0.48274739862677235,0.4914266390937984,0.02582596227942908
382,383,0.4922562885877919,0.31601522320683634,0.19172848820537153
383,384,0.4998403878299879,0.4081430144560809,0.0920165977139307
384,385,0.020001628613027116,0.48677042172647506,0.493227949660497
385,386,0.4808629181244238,0.51481105117254,0.0043260307030361265
386,387,0.4931390950460495,0.49563939166697263,0.011221513286978225
387,388,0.49145583115673636,0.4917782162525776,0.016765952590686157
388,389,0.5022910254242757,0.48547450852818286,0.012234466047541671
389,390,0.34153232103925757,0.3220896934807632,0.3363779854799794
390,391,0.4874725424036281,0.3082130919740391,0.20431436562233263
391,392,0.5816003085068454,0.19664941157101307,0.22175027992214152
392,393,0.3429103321495963,0.4151280881357905,0.24196157971461316
393,394,0.5494883443620732,0.08242089130698825,0.3680907643309381
394,395,0.5015040225153651,0.22368766672960352,0.27480831075503165
395,396,0.03900162638467514,0.5228487586805741,0.43814961493475013
396,397,0.4589035895013438,0.3201790694920432,0.22091734100661306
397,398,0.40805275730433926,0.24738232911103988,0.3445649135846211
398,399,0.377584816054883,0.17320579692507834,0.4492093870200385
399,400,0.5687068680088971,0.049834380566659155,0.3814587514244435
400,401,0.5055874896235604,0.4872310850892323,0.007181425287207796
401,402,0.4996975563884567,0.5002521929706137,5.0250640929760615e-05
402,403,0.4998583491733734,0.48652104541776325,0.013620605408863527
403,404,0.4889116008029865,0.486653419304899,0.024434979892114822
404,405,0.49917003963571566,0.49841523920274006,0.002414721161544278
405,406,0.450333940185835,0.49018351128326626,0.05948254853089855
406,407,0.43822419288186376,0.3220684206003538,0.23970738651778248
407,408,0.061202996396099704,0.44870411021071255,0.4900928933931876
408,409,0.5472296197381012,0.10416471190222464,0.3486056683596747
409,410,0.47484483818923623,0.4236083410184595,0.10154682079230448
410,411,0.3833575627092665,0.46191095172883617,0.15473148556189703
411,412,0.46981965904545875,0.33218330280244174,0.19799703815209946
412,413,0.507466951650282,0.03272285839660677,0.45981018995311107
413,414,0.5201215883236625,0.3764006176779308,0.10347779399840716
414,415,0.33616587155355665,0.45359830743525853,0.21023582101118482
415,416,0.41803201147664293,0.4339320779918033,0.14803591053155324
416,417,0.4491746048033004,0.45644895314403877,0.09437644205266034
417,418,0.5275809583517299,0.21982193217335166,0.2525971094749183
418,419,0.4094189089521597,0.25237541880879283,0.33820567223904785
419,420,0.26067712811955535,0.3672626115974197,0.3720602602830254
420,421,0.520716619331375,0.47158818131572194,0.007695199352903522
421,422,0.5090246145611278,0.35910179419465765,0.13187359124421472
422,423,0.4442160336932835,0.49129338426979374,0.06449058203692304
423,424,0.4232029177028595,0.46502456599138814,0.1117725163057531
424,425,0.44447314517148223,0.45266693484721066,0.10285991998130734
425,426,0.40096189773129126,0.36958072100091255,0.22945738126779577
426,427,0.5408396308318396,0.08541141033114348,0.37374895883701664
427,428,0.4753354438898937,0.4543220995899013,0.07034245652020575
428,429,0.4726345900460185,0.4128389875116214,0.11452642244236017
429,430,0.47194986435049835,0.372013251672407,0.15603688397709398
430,431,0.45081644948289296,0.24318556128000654,0.30599798923710053
431,432,0.4369479885332048,0.16851987446304945,0.3945321370037453
432,433,0.46002009910747466,0.18086355814952157,0.3591163427430029
433,434,0.38919182737978353,0.43490272283577674,0.17590544978443964
434,435,0.36169175019124145,0.2906395580620971,0.34766869174666115
435,436,0.49466715060476996,0.08145454358340527,0.4238783058118246
436,437,0.4898749013984015,0.5071806345968903,0.0029444640047083
437,438,0.15995636733998006,0.3262702894719655,0.5137733431880536
438,439,0.4241538990700508,0.484086056387544,0.09176004454240486
439,440,0.5013853268072022,0.4097638290677571,0.08885084412504059
440,441,0.4442348676588482,0.4798836221907426,0.07588151015040867
441,442,0.2416996356876552,0.3864613032776977,0.37183906103464753
442,443,0.48123059880446306,0.45593153600990344,0.06283786518563374
443,444,0.48683164333125395,0.4746523482211777,0.03851600844756915
444,445,0.4638800594080454,0.15072647843788464,0.3853934621540701
