,Window_Index,Loading_Temperature_Prop,Loading_force_Prop,Loading_Voltage_Prop
0,1,0.42742831413238835,0.3787116590180143,0.19386002684959672
1,2,0.5190012241704447,0.4615902271486385,0.019408548680916845
2,3,0.5013373000643038,0.4975250067922263,0.0011376931434699045
3,4,0.4979207970493282,0.4995899536232461,0.002489249327425869
4,5,0.4610232465476122,0.4593362788598572,0.07964047459253099
5,6,0.4737829950931715,0.4227073530865757,0.10350965182025336
6,7,0.4993095194209903,0.5006048567990394,8.56237799704647e-05
7,8,0.45218244262985013,0.4966952407647028,0.05112231660544744
8,9,0.44970162736787567,0.34141481258384765,0.20888356004827718
9,10,0.46145449575386593,0.44134833994503403,0.09719716430110012
10,11,0.49044010179779807,0.4803997058426007,0.02916019235960182
11,12,0.4904338195916406,0.4813096748733787,0.028256505534981623
12,13,0.46828611740263787,0.477027082313014,0.05468680028434851
13,14,0.49692775556289176,0.49735113301501727,0.005721111422090904
14,15,0.49893076360563277,0.5001283970412286,0.0009408393531394391
15,16,0.47754993908705473,0.5048942910892553,0.017555769823689872
16,17,0.48854734788088844,0.5021319236373686,0.009320728481742592
17,18,0.49279333356116284,0.48689669979470396,0.02030996664413346
18,19,0.4956414545421792,0.4884270695075208,0.01593147595030006
19,20,0.49514993222722237,0.4921321050810622,0.01271796269171548
20,21,0.5015832756789448,0.4972342731143369,0.0011824512067179743
21,22,0.3793324950942561,0.3825980130527142,0.2380694918530299
22,23,0.48143926012744676,0.4588949798060875,0.05966576006646539
23,24,0.4740545024530099,0.39230553631625864,0.1336399612307319
24,25,0.45828190065814156,0.4599501066106882,0.08176799273117043
25,26,0.4939681799921207,0.49667879697300144,0.009353023034877728
26,27,0.49427338723007674,0.5024709677150718,0.0032556450548510227
27,28,0.5012705731674147,0.47944379161281175,0.019285635219773643
28,29,0.32422236628071316,0.33490959722383995,0.3408680364954469
29,30,0.3106169151015345,0.34171672778594675,0.34766635711251886
30,31,0.29298464534472024,0.34949535019805267,0.3575200044572268
31,32,0.24494007207950308,0.3657493883473899,0.3893105395731073
32,33,0.3377442569745154,0.29816682257507604,0.36408892045040786
33,34,0.48440341519288604,0.4934197832951241,0.022176801511990783
34,35,0.38042658759305537,0.2893923905606392,0.3301810218463053
35,36,0.37007521447748,0.32879154429814267,0.30113324122437735
36,37,0.36914797154490886,0.3209991257976109,0.3098529026574802
37,38,0.3492506465178302,0.29364027899683737,0.3571090744853325
38,39,0.3855959612597888,0.33495947008554283,0.27944456865466916
39,40,0.3578171806774349,0.3367001480240808,0.3054826712984846
40,41,0.3318136193695942,0.33159494897375247,0.33659143165665384
41,42,0.33232051892677833,0.32678051143943887,0.34089896963378286
42,43,0.2694617923345775,0.3655966804171638,0.36494152724825846
43,44,0.13340770279071817,0.40561841401449283,0.4609738831947894
44,45,0.163737524783204,0.37277004832942845,0.46349242688736675
45,46,0.0018052865763921381,0.49826289987091,0.4999318135526972
46,47,0.3588443792310371,0.2558939588289994,0.3852616619399636
47,48,0.39748202368870533,0.20641510609433697,0.39610287021695734
48,49,0.42243778635377877,0.16043175180094943,0.4171304618452721
49,50,0.42319099626167883,0.15913420496986602,0.4176747987684551
50,51,0.41248155986375146,0.1760692594855571,0.41144918065069114
51,52,0.43544985346722237,0.13010313018360112,0.4344470163491759
52,53,0.3753997199967988,0.24691982561923417,0.3776804543839679
53,54,0.37001637705399626,0.24378039146741584,0.38620323147858826
54,55,0.3824062902122113,0.22902374632161424,0.3885699634661746
55,56,0.3814301554773108,0.2415724742802055,0.37699737024248353
56,57,0.37568092701308353,0.25844313056074547,0.36587594242617094
57,58,0.3866305768704637,0.26020950070164267,0.35315992242789307
58,59,0.35719053849418664,0.2993465181496058,0.3434629433562076
59,60,0.3419592926771612,0.3239478303907755,0.3340928769320639
60,61,0.334788683250265,0.3282217086281537,0.33698960812158163
61,62,0.3292135642852926,0.32172438790394664,0.34906204781076094
62,63,0.4537848610555406,0.06537192114510686,0.4808432177993523
63,64,0.5007823661923426,0.004982706258164022,0.4942349275494933
64,65,0.4917538423458917,0.023241519512683734,0.4850046381414243
65,66,0.4460304559459501,0.1181182461545894,0.4358512978994611
66,67,0.4164834469073444,0.17398480314240639,0.40953174995024894
67,68,0.3984991629883685,0.19856056745647227,0.40294026955515905
68,69,0.40048934530328395,0.22094338524671162,0.3785672694500047
69,70,0.4187436456764701,0.1955550521723494,0.3857013021511801
70,71,0.42363972900098595,0.1772284002167175,0.3991318707822966
71,72,0.4206696423314117,0.17939957777973395,0.3999307798888547
72,73,0.49170687133029595,0.019393591870855816,0.48889953679884773
73,74,0.49954432420722966,0.0003875187898778443,0.5000681570028924
74,75,0.5005724831636572,0.004027352310959557,0.49540016452538316
75,76,0.4485673948316801,0.15661099744604767,0.39482160772227254
76,77,0.49187971560433563,0.020908494005015633,0.4872117903906482
77,78,0.49957708309210674,0.005042185187908471,0.49538073171998426
78,79,0.47691661308664457,0.07408998378894378,0.44899340312441205
79,80,0.5002114813470296,0.006839848542129231,0.49294867011084104
80,81,0.3867125621663376,0.1514521928634222,0.46183524497023926
81,82,0.18568778530360447,0.3723783352976765,0.4419338793987187
82,83,0.4869770705346753,0.03490716838420223,0.47811576108112275
83,84,0.49921505814604916,0.0460698484330946,0.45471509342085686
84,85,0.489908106664692,0.09560257405417534,0.4144893192811333
85,86,0.42847031741625297,0.16547088843861063,0.4060587941451356
86,87,0.43113090736432524,0.08058439971950182,0.488284692916173
87,88,0.44381928307966967,0.16438957426990175,0.3917911426504286
88,89,0.42222201321284103,0.26625787730470296,0.31152010948245645
89,90,0.43789521635708045,0.21382862289297971,0.34827616074994
90,91,0.47521961514352123,0.07792272939717329,0.4468576554593059
91,92,0.49994570259360027,0.012988840315074829,0.48706545709132537
92,93,0.4372859117266064,0.22220120443387426,0.34051288383952
93,94,0.43406276716835746,0.2592117704436796,0.3067254623879627
94,95,0.49268819276202913,0.02101464519830406,0.4862971620396666
95,96,0.19121936439486437,0.45891146700037977,0.349869168604756
96,97,0.49781546687044914,0.10736183030908676,0.3948227028204636
97,98,0.4803942279859186,0.02798601994787617,0.49161975206620523
98,99,0.46985315453007553,0.06099694640835758,0.4691498990615673
99,100,0.48158959735209145,0.06093981089121685,0.4574705917566917
100,101,0.401829470677089,0.0932018960227186,0.504968633300192
101,102,0.26002034813325553,0.2873908941527404,0.4525887577140042
102,103,0.4423147230480287,0.01033078518050568,0.547354491771466
103,104,0.49095668409917376,0.1750101009156634,0.3340332149851628
104,105,0.5083006174274526,0.2691587682411045,0.2225406143314429
105,106,0.5367696186662255,0.09855154363924455,0.3646788376945305
106,107,0.5178615608916984,0.007618118323800642,0.47452032078450085
107,108,0.44733509252739934,0.17315182853839617,0.379513078934204
108,109,0.40020667561998613,0.2701888219733095,0.32960450240670486
109,110,0.38154544192778106,0.2909507466530893,0.3275038114191288
110,111,0.39718558906540397,0.2648018961262327,0.3380125148083635
111,112,0.43356598706932314,0.1582413877611789,0.4081926251694985
112,113,0.4011647307927674,0.16532272313571655,0.43351254607151596
113,114,0.3984314592661064,0.1821993427985032,0.41936919793538985
114,115,0.4864956170036202,0.02795196989192163,0.4855524131044581
115,116,0.4259457500950297,0.15062502709906647,0.4234292228059034
116,117,0.4633845996587812,0.08297185486869302,0.45364354547252606
117,118,0.49248225289239406,0.017291771960398907,0.4902259751472076
118,119,0.4999336834283201,0.020681300565522802,0.4793850160061578
119,120,0.5014230222834434,0.07720765502929591,0.42136932268726046
120,121,0.486210392772933,0.016816822619308096,0.4969727846077586
121,122,0.4724085393823374,0.045713302762385416,0.481878157855277
122,123,0.44462397370061457,0.12681907343398097,0.4285569528654044
123,124,0.46761402973197097,0.0783963766735374,0.45398959359449104
124,125,0.49500887648804903,0.005374982746697834,0.4996161407652537
125,126,0.4301823376410145,0.10045104908273421,0.46936661327625145
126,127,0.49414647376719,0.003619187526689344,0.5022343387061208
127,128,0.44390131352935136,0.09597721770590074,0.4601214687647477
128,129,0.4457032483452906,0.09743031048222296,0.4568664411724865
129,130,0.4178341970559428,0.13583677477849923,0.44632902816555825
130,131,0.5000257920639581,1.736023728944093e-05,0.4999568476987523
131,132,0.38011745093060373,0.28022340917611505,0.3396591398932817
132,133,0.47778591486876454,0.24202254732998352,0.28019153780125183
133,134,0.4350474474021884,0.09999566389911523,0.4649568886986963
134,135,0.49142025493222674,0.004611711118260615,0.5039680339495131
135,136,0.47535756862712636,0.039585119041964364,0.4850573123309095
136,137,0.48612067494152605,0.018773078081055213,0.4951062469774189
137,138,0.5136081829123684,0.011684285447831838,0.4747075316397997
138,139,0.30012098938552695,0.46497550267476323,0.23490350793971013
139,140,0.4949511265616132,0.22472436844209817,0.2803245049962886
140,141,0.5018572401161054,0.000161962265859286,0.49798079761803526
141,142,0.4868270558099566,0.0040529035865070695,0.5091200406035364
142,143,0.5579561971737667,0.1721449350595818,0.2698988677666515
143,144,0.5530157026296414,0.18672081358446974,0.2602634837858887
144,145,0.5503366442921753,0.11295648470223286,0.33670687100559166
145,146,0.3586438221079051,0.1734959648467322,0.46786021304536257
146,147,0.18038847299164693,0.37907859933894283,0.4405329276694103
147,148,0.5019671211455948,0.012639142599370183,0.4853937362550349
148,149,0.49739421605439815,0.04409137266488085,0.45851441128072096
149,150,0.5049467895856142,0.02409179887731315,0.47096141153707205
150,151,0.5035741060302611,0.0017313216403427518,0.49469457232939634
151,152,0.5039230221212527,0.005545140528388329,0.49053183735035905
152,153,0.21243095557537678,0.44132690762530774,0.34624213679931565
153,154,0.35572850438300263,0.27716616707899705,0.3671053285380002
154,155,0.4955065991568942,0.013220967571411864,0.4912724332716941
155,156,0.3821928930107289,0.19497583632227128,0.4228312706669992
156,157,0.44208535132073024,0.10728545668943414,0.45062919198983586
157,158,0.4525986795482253,0.07834928914940986,0.46905203130236456
158,159,0.4031560390115356,0.19922646237669922,0.3976174986117653
159,160,0.41877640031092367,0.2070352851769224,0.37418831451215395
160,161,0.41008506246006116,0.33592990376807147,0.25398503377186726
161,162,0.24793390584395347,0.3186170186838014,0.4334490754722464
162,163,0.4016079721287676,0.31367930010800554,0.2847127277632272
163,164,0.16039817310677038,0.42970816226104525,0.409893664632184
164,165,0.38321532303667094,0.3253090850652402,0.2914755918980885
165,166,0.4111420682605938,0.33779392549008724,0.2510640062493191
166,167,0.524017533318682,0.3457915853691443,0.13019088131217377
167,168,0.47890162263142155,0.21711759677567338,0.30398078059290506
168,169,0.379431909113703,0.2761810115316263,0.3443870793546706
169,170,0.41006318988440627,0.39069683511808956,0.19923997499750484
170,171,0.32971358240535137,0.2625929848139853,0.4076934327806632
171,172,0.027321447604216165,0.5399783318731128,0.4327002205226712
172,173,0.34257546823501195,0.18596204732513472,0.4714624844398532
173,174,0.3427318044787533,0.2595987026409886,0.39766949288025805
174,175,0.5091110540840796,0.028445982488493362,0.46244296342742697
175,176,0.40919537371070114,0.11511196168904901,0.47569266460024984
176,177,0.5425655803237461,0.44399245571415685,0.013441963962097207
177,178,0.5220408918047259,0.2987249165196601,0.17923419167561436
178,179,0.5087999675432718,0.4873434560730005,0.00385657638372748
179,180,0.5220001098645214,0.0850716664661065,0.39292822366937163
180,181,0.5029598523741723,0.09416135900451754,0.4028787886213101
181,182,0.5181175294053514,0.3021555706120939,0.179726899982555
182,183,0.41584004402314667,0.33072122383807867,0.25343873213877466
183,184,0.4138467947666669,0.15333374277130984,0.43281946246202363
184,185,0.5011841908742689,0.013201090931453718,0.4856147181942773
185,186,0.26086425677131536,0.560200153198597,0.17893559003008747
186,187,0.01387100827021172,0.5539482809341287,0.4321807107956598
187,188,0.17356967660470113,0.5403145997315337,0.2861157236637654
188,189,0.04396133366059367,0.5560963497869648,0.3999423165524415
189,190,0.31426402666295994,0.16975255290399882,0.5159834204330418
190,191,0.32779842969847656,0.22650007460418017,0.445701495697344
191,192,0.28144275817097725,0.4110326038693222,0.3075246379597008
192,193,0.4977769291631662,0.5015656269598642,0.0006574438769696598
193,194,0.507977554913895,0.00201561083414795,0.4900068342519571
194,195,0.4221710133857294,0.24987406961059733,0.3279549170036736
195,196,0.44662713676357724,0.3635902403627428,0.18978262287367992
196,197,0.47556116159644873,0.4740382545107515,0.05040058389280038
197,198,0.0799083306460235,0.4054940200748242,0.5145976492791523
198,199,0.11804596890030955,0.42612020479067636,0.4558338263090149
199,200,0.5351336542236563,0.0877008639831385,0.377165481793205
200,201,0.46753694159051007,0.22788316230549482,0.3045798961039948
201,202,0.509444482318875,0.2339245128905162,0.2566310047906092
202,203,0.4778919155544854,0.5155544844095731,0.006553600035941284
203,204,0.3482840130501379,0.3581139183941564,0.2936020685557055
204,205,0.32024511965645946,0.5233558788211463,0.15639900152239433
205,206,0.5819915301186639,0.11056648297123135,0.307441986910105
206,207,0.2504687610953673,0.3415683007315021,0.4079629381731306
207,208,0.43604060071884965,0.06629694076375074,0.4976624585173992
208,209,0.4922358152587502,0.02648570575269237,0.48127847898855747
209,210,0.2741021406161558,0.3923893173804491,0.33350854200339497
210,211,0.4740605565090215,0.014382181021417358,0.5115572624695613
211,212,0.431496106311962,0.23772976572111992,0.330774127966918
212,213,0.4824726022329621,0.31457589534879565,0.20295150241824186
213,214,0.48905652812676664,0.3614751521247283,0.14946831974850455
214,215,0.4898835588998438,0.34476218228105043,0.1653542588191059
215,216,0.4884941222438557,0.07129400039597401,0.4402118773601704
216,217,0.5065787407833704,0.021196198248873078,0.47222506096775674
217,218,0.4973068701845314,0.004367731181039836,0.49832539863442854
218,219,0.3001537215648271,0.2180528029217223,0.4817934755134508
219,220,0.4996567062247156,0.48830754295449713,0.01203575082078762
220,221,0.37642478651108696,0.33970652541647445,0.2838686880724386
221,222,0.14941681809130047,0.46094593958543595,0.3896372423232637
222,223,0.1778253038117809,0.4051163178495572,0.4170583783386622
223,224,0.30771371500532657,0.35933268455547623,0.33295360043919725
224,225,0.4999750151274532,6.75328860889853e-05,0.49995745198645813
225,226,0.49147620998105795,0.012102664246313994,0.4964211257726274
226,227,0.3460983800890967,0.2306348983679532,0.4232667215429499
227,228,0.3424576696768153,0.18682394039099579,0.470718389932189
228,229,0.41492472545733444,0.3187392844022364,0.2663359901404292
229,230,0.46952710799192326,0.09108280506959261,0.43939008693848397
230,231,0.499653572682865,0.0015336677216761959,0.4988127595954584
231,232,0.35543834374505984,0.33642159977813557,0.30814005647680465
232,233,0.4787448982593451,0.5180510589527483,0.003204042787906691
233,234,0.4990559776216469,0.026981243668753777,0.47396277870959913
234,235,0.407950241176988,0.15881803267960287,0.43323172614340894
235,236,0.5200441799775443,0.16572396116046495,0.3142318588619907
236,237,0.47594424509933453,0.49364228229620766,0.030413472604457946
237,238,0.50358534319921,0.4893566328422864,0.007058023958503543
238,239,0.42308303084877574,0.3663022694433927,0.21061469970783117
239,240,0.4257201695501954,0.24412383353049297,0.33015599691931236
240,241,0.4239483595479002,0.18481915445334876,0.39123248599875116
241,242,0.3393280151011965,0.2081761720043206,0.45249581289448326
242,243,0.30853807591888416,0.396844168898376,0.29461775518274
243,244,0.4439074260562553,0.15510201442054164,0.4009905595232033
244,245,0.437541146996344,0.1344083271526776,0.4280505258509784
245,246,0.09004472216229989,0.49116877674446535,0.4187865010932342
246,247,0.4729426419572038,0.0797011064363414,0.4473562516064544
247,248,0.6107798847790601,0.2008863275659186,0.18833378765502137
248,249,0.16607713190851328,0.6100894536658836,0.22383341442560198
249,250,0.4791804844412318,0.5148694427232778,0.0059500728354904605
250,251,0.39114993033029255,0.23995993409801852,0.3688901355716893
251,252,0.5157208404903543,0.03532089327986005,0.4489582662297859
252,253,0.45602766277678425,0.11819483708467719,0.4257775001385387
253,254,0.3729978276605261,0.32475327905573714,0.3022488932837372
254,255,0.509023728252605,0.12423409468455789,0.3667421770628377
255,256,0.008576167562133353,0.49996719304501985,0.4914566393928471
256,257,0.2178893659784258,0.31192224364864923,0.47018839037292415
257,258,0.376586397325252,0.4149167489271779,0.20849685374757004
258,259,0.5082172448793508,0.4309722846053939,0.060810470515255496
259,260,0.5056216567648103,0.4043075542685145,0.09007078896667475
260,261,0.4678625278569872,0.040583325563413854,0.49155414657959956
261,262,0.49719175724808423,0.33834786987808524,0.16446037287383017
262,263,0.48295143456681894,0.4540589224324043,0.06298964300077654
263,264,0.4710517357252061,0.35713933599743963,0.17180892827735456
264,265,0.4950874698933714,0.5020500188969284,0.002862511209700819
265,266,0.43010068476065655,0.5131853526120628,0.05671396262728095
266,267,0.5634986965636108,0.35975159509245536,0.07674970834393387
267,268,0.002714208298753756,0.5113283330974302,0.4859574586038164
268,269,0.15878331082507843,0.5672591435983125,0.273957545576609
269,270,0.04322692000363568,0.5447644737629436,0.4120086062334201
270,271,0.6304211662641459,0.2170849063477077,0.15249392738814674
271,272,0.5371723068086535,0.2363912172697296,0.22643647592161692
272,273,0.4264893514560531,0.33363379543367616,0.23987685311027063
273,274,0.505267321017103,0.003122494124967441,0.49161018485792984
274,275,0.5096889144092175,0.4816267750836172,0.008684310507164996
275,276,0.5024373096824977,0.45511644685187885,0.04244624346562317
276,277,0.39941277311524,0.30092027507168295,0.299666951813078
277,278,0.4752802253990596,0.0904523099097034,0.43426746469123634
278,279,0.4669203834082093,0.20507032814366466,0.3280092884481268
279,280,0.38732641503010445,0.37022659953650927,0.24244698543338625
280,281,0.3271895083622614,0.2872915282410002,0.3855189633967387
281,282,0.5083697882302771,0.20574801917478672,0.28588219259493614
282,283,0.41491621239999277,0.480419712316465,0.10466407528354257
283,284,0.3697112906284915,0.4178259436059544,0.21246276576555456
284,285,0.36093403397654195,0.35439812725914865,0.2846678387643088
285,286,0.31241364390945286,0.38443969343778867,0.30314666265275786
286,287,0.28662295014110223,0.13318430093285485,0.5801927489260432
287,288,0.34051011373005413,0.3014875060352796,0.3580023802346671
288,289,0.1878646037656573,0.2527537463158887,0.5593816499184525
289,290,0.24690485764331768,0.3009726017970401,0.45212254055964207
290,291,0.20593478809777147,0.45281062605672695,0.34125458584550195
291,292,0.5255653447133518,0.4430047876131185,0.031429867673530065
292,293,0.49968727978232563,0.4971467902708114,0.0031659299468626803
293,294,0.5029766804293512,0.27766622770940974,0.21935709186123867
294,295,0.5022889029860611,0.496600204151183,0.001110892862755801
295,296,0.5360384191630521,0.4464536257625341,0.017507955074413564
296,297,0.2515601462371026,0.32070124299733904,0.4277386107655583
297,298,0.28346880994376955,0.32077187796615453,0.39575931209007653
298,299,0.08606611118540433,0.30884167885805414,0.6050922099565419
299,300,0.4867245325453626,0.5027479375297529,0.010527529924884376
300,301,0.38071490380227097,0.4067019360303192,0.21258316016740977
301,302,0.24691926032744227,0.3297854800107495,0.42329525966180837
302,303,0.1305047822854546,0.2853138664318603,0.5841813512826853
303,304,0.05585382395024442,0.35532027506759023,0.5888259009821651
304,305,0.288309926045628,0.20930854546647157,0.5023815284879004
305,306,0.43367953989684704,0.06557909046689371,0.5007413696362596
306,307,0.5742678387190614,0.121138867913913,0.30459329336702523
307,308,0.4138896375597277,0.29391616755553734,0.29219419488473447
308,309,0.35075878027352597,0.14197417380391159,0.5072670459225626
309,310,0.4515688927105324,0.3943774789123501,0.1540536283771176
310,311,0.5019084069590724,0.49347601027878896,0.004615582762138366
311,312,0.3258651740234846,0.4111692672124194,0.26296555876409544
312,313,0.08648635948611753,0.36726006974472714,0.5462535707691546
313,314,0.43227490191325785,0.45308892945995166,0.11463616862678995
314,315,0.46209014310698043,0.355809503604573,0.18210035328844637
315,316,0.45965867260826626,0.01426406195785022,0.526077265433883
316,317,0.5086180428584148,0.0022849179390915545,0.4890970392024933
317,318,0.5185915906944311,0.45728898384134625,0.02411942546422292
318,319,0.12076184826331017,0.4990479738669828,0.3801901778697068
319,320,0.30142849056215393,0.5126271698066043,0.18594433963124066
320,321,0.4338020407979998,0.48616532823232883,0.08003263096967106
321,322,0.5460901280419758,0.04808832955785519,0.4058215424001695
322,323,0.47466520255616235,0.06429836906711163,0.4610364283767259
323,324,0.12212971198807777,0.4351123124305732,0.44275797558134866
324,325,0.3911555112471479,0.16691543915312523,0.4419290495997263
325,326,0.3636577994235878,0.2644648978139042,0.3718773027625086
326,327,0.40334087870917423,0.523956762612986,0.07270235867783985
327,328,0.41024932555314897,0.48594357971386976,0.10380709473298111
328,329,0.031117406517529235,0.4626511905802834,0.5062314029021869
329,330,0.13259920847874312,0.4294847016027852,0.4379160899184715
330,331,0.25957434891572095,0.3329101625654971,0.40751548851878205
331,332,0.48459232304101496,0.07553423061506855,0.4398734463439162
332,333,0.5305285605535803,0.45547419392225824,0.013997245524161457
333,334,0.38781760974022467,0.2890613624090855,0.3231210278506898
334,335,0.329726325137578,0.13946081294332754,0.5308128619190946
335,336,0.5661937468842912,0.34272880230103664,0.09107745081467208
336,337,0.4773157872466561,0.5132156922458962,0.009468520507448196
337,338,0.38054923588959155,0.07777325475704283,0.5416775093533663
338,339,0.43012676765284885,0.3536400547392304,0.21623317760792063
339,340,0.5046410893441092,0.005213746984434187,0.49014516367145666
340,341,0.4884440941621466,0.5095235296035361,0.0020323762343170495
341,342,0.5064381200316919,0.48526129110407723,0.008300588864230699
342,343,0.44088271687173713,0.39507269885401985,0.16404458427424284
343,344,0.44761421504820825,0.25544070530364527,0.2969450796481469
344,345,0.4783342880597406,0.431495237115381,0.09017047482487886
345,346,0.5354094222260729,0.12216239374499394,0.34242818402893305
346,347,0.3116849427486707,0.49564038820646933,0.19267466904486
347,348,0.426016134092062,0.0596657975564267,0.5143180683515114
348,349,0.4105322672372045,0.47936895358311743,0.11009877917967824
349,350,0.47230434622375855,0.10713038454583614,0.42056526923040505
350,351,0.43524489125608345,0.16732521980885326,0.39742988893506315
351,352,0.2756743364855724,0.30666087246394214,0.4176647910504848
352,353,0.3610046760460542,0.13253016883648325,0.5064651551174626
353,354,0.14691541315131443,0.2825124265843603,0.5705721602643252
354,355,0.5733447796482245,0.3903735452842106,0.036281675067565126
355,356,0.5645324476185515,0.38001026440045294,0.05545728798099571
356,357,0.46035593011797227,0.3238698481800145,0.215774221702013
357,358,0.17397356285321033,0.6134346711138066,0.21259176603298313
358,359,0.3313708178727068,0.4745036811399332,0.19412550098736076
359,360,0.1526608689391032,0.3672675779826796,0.4800715530782171
360,361,0.44785926811880405,0.5157884380933189,0.03635229378787681
361,362,0.0010599695188855409,0.511646419692159,0.4872936107889556
362,363,0.5489731881871689,0.44472321817528565,0.006303593637545345
363,364,0.2875373382306444,0.4419788589919322,0.2704838027774228
364,365,0.3900591205151415,0.34949032741844205,0.26045055206641615
365,366,0.47462163647511746,0.5063506674667861,0.019027696058096222
366,367,0.15053571742099564,0.5732263476518157,0.2762379349271886
367,368,0.3205143636387407,0.29086623869558803,0.38861939766567105
368,369,0.18460679892075285,0.4492815199958568,0.3661116810833899
369,370,0.502301643564056,0.43822555079495173,0.059472805640991944
370,371,0.24157465443881496,0.34816952788241723,0.41025581767876795
371,372,0.17922783802097744,0.400060433266467,0.42071172871255563
372,373,0.47112015737526497,0.001971227545083471,0.5269086150796523
373,374,0.4225023375953077,0.395016212831619,0.18248144957307347
374,375,0.2001256297050245,0.301975871531827,0.4978984987631491
375,376,0.5320019290141775,0.4497730844253626,0.01822498656045989
376,377,0.36951055339030753,0.3052669542187333,0.32522249239095824
377,378,0.17349071739668614,0.49538827912977396,0.3311210034735402
378,379,0.4978139344438338,0.5001878446651775,0.0019982208909890167
379,380,0.4396512813169977,0.23940448305836048,0.32094423562464164
380,381,0.48668462037802324,0.5071990114351063,0.006116368186870925
381,382,0.29041812558577695,0.4145184221055377,0.29506345230868686
382,383,0.26297567728860605,0.4886411859659091,0.24838313674548537
383,384,0.34618393512163703,0.48946087335385385,0.16435519152450911
384,385,0.34384190659771585,0.40892178975511545,0.24723630364716873
385,386,0.5119725847424806,0.48068101910013605,0.007346396157383596
386,387,0.5093425130968978,0.0009583920028000497,0.48969909490030256
387,388,0.18913648100835206,0.3148149914290621,0.49604852756258594
388,389,0.2562299504407337,0.42733565697733117,0.31643439258193445
389,390,0.2624990808112925,0.48069662286298,0.25680429632572754
390,391,0.4996364518706522,7.407982424995627e-05,0.5002894683050976
391,392,0.42671426778004384,0.28062030767260293,0.29266542454735317
392,393,0.49154997646013127,0.5059490615171495,0.0025009620227187976
393,394,0.016427879487768183,0.5119399346703785,0.4716321858418531
394,395,0.5166307662973662,0.4647302607432936,0.01863897295934041
395,396,0.4634762916407588,0.05837244808544467,0.4781512602737968
396,397,0.3718116804887999,0.4639255048034014,0.16426281470779852
397,398,0.6145394341524728,0.2663282130744966,0.1191323527730302
398,399,0.22562961550872346,0.4410089848957169,0.3333613995955599
399,400,0.4608229747078827,0.3031957621905661,0.23598126310155143
400,401,0.304778759484164,0.27053579435056513,0.424685446165271
401,402,0.41672221555285377,0.4942646051811691,0.08901317926597725
402,403,0.49997086443423544,0.5000196679117069,9.467654057519504e-06
403,404,0.5003951998333473,0.4954043694604169,0.004200430706235203
404,405,0.0023551146348481143,0.48218212603967264,0.5154627593254792
405,406,0.05864001472264429,0.4888904316310228,0.4524695536463328
406,407,0.45837147649504417,0.3286678568415902,0.21296066666336527
407,408,0.4925496780508936,0.32219345088349244,0.18525687106561364
408,409,0.5065765148027714,0.3961255032873387,0.0972979819098898
409,410,0.44104636364672,0.31252784532350614,0.24642579102977402
410,411,0.3739438370626626,0.24008379529612986,0.3859723676412072
411,412,0.3759528854021693,0.14856230554154132,0.47548480905628837
412,413,0.3973173981172184,0.12014427931169064,0.4825383225710911
413,414,0.49728542250472446,0.0001677356550593955,0.5025468418402154
414,415,0.48782541503888915,0.5000780607153396,0.012096524245771356
415,416,0.4782397579570708,0.0021470221059467455,0.519613219936983
416,417,0.14476040036107582,0.6059174268869909,0.2493221727519328
417,418,0.23893250233892577,0.20786749859750284,0.5531999990635713
418,419,0.4273100414605127,0.3875476282233516,0.18514233031613506
419,420,0.4257069165246961,0.42689251774715964,0.14740056572814475
420,421,0.4749236490740656,0.516834297808504,0.008242053117430705
421,422,0.49248177489206874,0.5040623910434981,0.0034558340644326524
422,423,0.25181311780020593,0.44494202064861443,0.30324486155118013
423,424,0.26258032120218217,0.48435943171295964,0.25306024708485836
424,425,0.25525653970594075,0.3064380518638452,0.43830540843021404
425,426,0.4997162873780804,0.3680442657056234,0.13223944691629652
426,427,0.4646928383714973,0.1410070833549817,0.3943000782735217
427,428,0.46154319449635883,0.16831796617022746,0.37013883933341374
428,429,0.5469881445815622,0.2263839925297071,0.2266278628887306
429,430,0.46992755428244126,0.13366767337236932,0.39640477234518906
430,431,0.5211168126332001,0.40251919512755846,0.0763639922392413
431,432,0.4946920182319369,0.4608578263193631,0.04445015544870044
432,433,0.48491738711046595,0.508379141902008,0.006703470987526409
433,434,0.3750676367780196,0.11468981070236846,0.5102425525196116
434,435,0.5144050741419605,0.002935478767147551,0.482659447090892
435,436,0.46708614415802086,0.13454207459690512,0.39837178124507383
436,437,0.48603661393717473,0.13473155909990228,0.3792318269629233
437,438,0.44766550732881444,0.15617266690961326,0.3961618257615721
438,439,0.4955134099535189,0.4992662179172416,0.005220372129238731
439,440,0.5842744678225956,0.03270318534198133,0.38302234683542297
440,441,0.4946402476507995,0.07492702856438836,0.4304327237848124
441,442,0.003194709309337035,0.4847507601276413,0.5120545305630217
442,443,0.2659833460992459,0.6215596807339604,0.11245697316679372
443,444,0.4555097631143897,0.5058754519585837,0.03861478492702694
444,445,0.48624835215149737,0.03954987820535606,0.47420176964314614
445,446,0.5212489060870218,0.4557059037097722,0.023045190203205584
446,447,0.5048940133790109,0.4817000172671374,0.013405969353851363
447,448,0.5138745199349797,0.17271828929233973,0.3134071907726808
448,449,0.3062668774696993,0.37474086910508886,0.3189922534252116
449,450,0.4826235544995823,0.013053762659389768,0.5043226828410277
450,451,0.547084445781905,0.3037890948771007,0.14912645934099372
451,452,0.4222050962294306,0.4996946919661335,0.07810021180443573
452,453,0.4401743575683259,0.46724322078678565,0.09258242164488853
453,454,0.4403661012124651,0.36097260310134327,0.19866129568619112
454,455,0.4158607735969365,0.4632177172102744,0.120921509192789
455,456,0.29025037706662493,0.4705274701038594,0.23922215282951595
456,457,0.00014528226453678866,0.497954239625708,0.501900478109755
457,458,0.5013499190105977,0.010040035134717306,0.4886100458546851
458,459,0.4879451767021543,0.4514857472406088,0.06056907605723719
459,460,0.4896716289079414,0.41538936186515046,0.0949390092269075
460,461,0.5107868790919241,0.46511901385160925,0.024094107056466293
461,462,0.0003011007295121532,0.5052204405449734,0.4944784587255141
462,463,0.3319325836904517,0.5941501335597453,0.07391728274980286
463,464,0.42835354025911315,0.15878020300013548,0.41286625674075117
464,465,0.47862815136086384,0.0670984494304651,0.45427339920867094
465,466,0.48578003244006857,0.3543242047045956,0.15989576285533594
466,467,0.48394147699815204,0.3699230967257569,0.14613542627609108
467,468,0.2884517669379254,0.4143388777566803,0.2972093553053947
468,469,0.39505364639436735,0.20255806447312652,0.4023882891325066
469,470,0.4691431627008875,0.4913701746960582,0.03948666260305489
470,471,0.49126383445017685,0.0019468757730002086,0.506789289776823
471,472,0.5089010995408543,0.2572410575276309,0.2338578429315149
472,473,0.4938634023407668,0.5046583038532295,0.0014782938060034288
473,474,0.5169101281642028,0.47282593234661163,0.010263939489185716
474,475,0.4978451588814244,0.47559972780922255,0.026555113309353045
475,476,0.5573310854813766,0.0777332917355823,0.3649356227830411
476,477,0.4913845833581816,0.5041424640742886,0.0044729525675297165
477,478,0.35957402521962484,0.3297798024711115,0.31064617230926445
478,479,0.4281117083761359,0.3770023093332412,0.1948859822906229
479,480,8.551539615622815e-05,0.49652670588407716,0.5033877787197667
480,481,0.4272663104385181,0.034974211880611145,0.537759477680871
481,482,0.36853251874733284,0.13969088089775916,0.4917766003549074
482,483,0.5303858046941895,0.13458865032533737,0.3350255449804733
483,484,0.52007883548451,0.24283714018507843,0.23708402433041206
484,485,0.4879902843463124,0.3346214680338523,0.1773882476198351
485,486,0.20551919721905118,0.40277717254029755,0.3917036302406513
486,487,0.003182275636205518,0.4769745409120478,0.5198431834517472
487,488,0.3067127587141715,0.39217682758378947,0.3011104137020395
488,489,0.2804988795941506,0.1351494632052534,0.5843516572005956
489,490,0.22272395457800845,0.4827165948542108,0.29455945056778116
490,491,0.5022969350875108,0.43873793544873985,0.05896512946374922
491,492,0.4813796983411249,0.49625897060126095,0.02236133105761474
492,493,0.47371830238423246,0.4672453955972412,0.059036302018526055
493,494,0.49784859914390844,0.4657849525973738,0.03636644825871756
494,495,0.3985699913743829,0.26596344843471115,0.3354665601909057
495,496,0.0037818612576664126,0.4982622940773358,0.4979558446649975
496,497,0.5050344727740335,0.40793530974095754,0.08703021748500897
497,498,0.489275489207806,0.49505566950981095,0.015668841282383404
498,499,0.5181442146001666,0.47432295296302635,0.007532832436807064
499,500,0.6025594810470792,0.04449794936662508,0.3529425695862956
500,501,0.4972921759823654,0.4970189614215993,0.005688862596035675
501,502,0.35609083889179644,0.391716310766104,0.2521928503421001
502,503,0.5814937705804435,0.28223820213040807,0.13626802728914847
503,504,0.5723159976463688,0.16815713908383795,0.2595268632697933
504,505,0.5370058348129767,0.06586654910209651,0.3971276160849272
505,506,0.38639266513809367,0.14249158163226636,0.47111575322964033
506,507,0.3288622455035957,0.3212119782976036,0.3499257761988012
507,508,0.22721217243874048,0.354202631598913,0.41858519596234633
508,509,0.0588128425505609,0.48682405622949254,0.4543631012199472
509,510,0.3975507073576434,0.4402079410696529,0.1622413515727038
510,511,0.5790234742910327,0.3767950834510671,0.044181442257900244
511,512,0.47919818521623825,0.49835909084794977,0.022442723935811735
512,513,0.2973690479838755,0.5469631865248081,0.15566776549131625
513,514,0.3805156523813963,0.3270165582911827,0.29246778932742157
514,515,0.3619656326923799,0.1925851191375231,0.44544924817009757
515,516,0.4833696852216917,0.13379847929311509,0.382831835485193
516,517,0.3375252567316425,0.08415648045687113,0.5783182628114862
517,518,0.4047323390787418,0.31811241315365807,0.2771552477676003
518,519,0.4382049067619637,0.24411649978491573,0.3176785934531207
519,520,0.3215352501846335,0.3080182306358366,0.37044651917953
520,521,0.38632063637436914,0.24412769589727082,0.3695516677283604
521,522,0.4604704843608629,0.012990339985720347,0.5265391756534169
522,523,0.5008791857279385,0.4983725751792865,0.0007482390927747772
523,524,0.5144558982572608,0.297777001214345,0.1877671005283945
524,525,0.49946748486058345,4.490785160553925e-06,0.5005280243542556
525,526,0.011023610563348208,0.5118477982160966,0.4771285912205552
526,527,0.39958799164794423,0.11283211078269707,0.4875798975693585
527,528,0.4877276094312917,0.38756997656497033,0.12470241400373797
528,529,0.46472072790430596,0.01807891688160436,0.5172003552140899
529,530,0.32337944904756843,0.11697944319680333,0.5596411077556283
530,531,0.3607827668969268,0.2766342059416442,0.36258302716142893
531,532,0.4487865873558429,0.33728912589805,0.2139242867461071
532,533,0.33859762164248763,0.5145575494836521,0.14684482887385972
533,534,0.4863406285314581,0.006139667787174792,0.5075197036813673
534,535,0.43565551620195714,0.07004885175944818,0.4942956320385952
535,536,0.42560213948356695,0.5004947388616087,0.07390312165482504
536,537,0.11543695491051087,0.4030981664348779,0.48146487865461135
537,538,0.36062137699416413,0.2391025033010901,0.40027611970474636
538,539,0.3070201057634098,0.33938065650406046,0.35359923773252966
539,540,0.4950660699482848,0.0028943434240046467,0.5020395866277101
540,541,0.36981435017092534,0.3235664570928948,0.30661919273617955
541,542,0.0004540325756015855,0.4886289858728939,0.5109169815515049
542,543,0.5014062970592253,0.0009794626728946915,0.4976142402678804
543,544,0.13001605974845074,0.585872305648701,0.2841116346028486
544,545,0.47908547000319335,0.28698518619540575,0.23392934380140049
545,546,0.2838835135448839,0.47785838587077456,0.2382581005843419
546,547,0.5066744012718499,0.2838498784273091,0.20947572030084105
547,548,0.497214961572331,0.49799976987258837,0.0047852685550805905
548,549,0.3971299281777893,0.4750281690927335,0.12784190272947696
549,550,0.3689661990942478,0.3963420116310154,0.23469178927473655
550,551,0.01462567326071562,0.5331216973519487,0.4522526293873368
551,552,0.24895232832656844,0.5890194973859848,0.1620281742874469
552,553,0.5139184444320364,0.10970734103404647,0.37637421453391695
553,554,0.11367396254684621,0.5683363372394661,0.31798970021368717
554,555,0.562322182871512,0.08058980183285318,0.35708801529563544
555,556,0.4623965963108304,0.023746608224997162,0.5138567954641726
556,557,0.45247130951301373,0.09477476158066307,0.4527539289063228
557,558,0.4729968119862078,0.11609548402644801,0.4109077039873439
558,559,0.15099008228347188,0.5451701796758689,0.3038397380406583
559,560,0.20529945090827356,0.561349909150382,0.23335063994134447
560,561,0.09855647482752805,0.32461798536680175,0.5768255398056706
561,562,0.5043415838228028,0.0009641768645815611,0.49469423931261575
562,563,0.3360856805228678,0.48580275103242787,0.17811156844470388
563,564,0.3876551783910011,0.5504245489138091,0.06192027269518982
564,565,0.4601437413499617,0.5314615710830998,0.008394687566938558
565,566,0.45254843165564984,0.04462757612935346,0.5028239922149969
566,567,0.4407289363005313,0.3363174222317453,0.22295364146772406
567,568,0.48103978777040673,0.4461760484807711,0.07278416374882246
568,569,0.5153683356521429,0.007180925022114612,0.4774507393257424
569,570,0.37235035445396814,0.4245447861602403,0.20310485938579162
570,571,0.38002968488137057,0.3540654982696619,0.2659048168489676
571,572,0.5065691362711123,0.00027740939425056156,0.49315345433463725
572,573,0.4929946941308059,0.120352251019872,0.38665305484932244
573,574,0.18760719074139035,0.5185078100281733,0.2938849992304366
574,575,0.27427536510073014,0.5117827196546465,0.213941915244623
575,576,0.3945860798611289,0.4988775256748479,0.10653639446402353
576,577,0.48836996171493946,0.4666318883949064,0.04499814989015411
577,578,0.4939431978131742,0.4880287187757138,0.018028083411112075
578,579,0.3337473755713122,0.19990175937561466,0.4663508650530731
579,580,0.44760389952951085,0.010313903499725616,0.5420821969707631
580,581,0.39126155888332903,0.37264097121028517,0.23609746990638558
581,582,0.3718345938697509,0.2115201081973633,0.4166452979328857
582,583,0.4977015659043138,0.0006582767097806345,0.5016401573859058
583,584,0.026576101740794736,0.551784745740952,0.4216391525182538
584,585,0.3413664102448753,0.5256298506261646,0.13300373912896074
585,586,0.5397542890644667,0.3847627894421274,0.07548292149340609
586,587,0.4990131883737773,0.00016888395311991713,0.5008179276731025
587,588,0.34787233293953584,0.18258602953160213,0.4695416375288625
588,589,0.1998031581794394,0.3422489502309967,0.4579478915895634
589,590,0.47085934615665226,0.006266578735453492,0.5228740751078941
590,591,0.44107107728856465,0.46907167859433335,0.08985724411710236
591,592,0.44125654245403373,0.43586279222278684,0.12288066532317897
592,593,0.07322059704937056,0.47896047121095386,0.4478189317396753
593,594,0.47152246680106036,0.019289994631189515,0.5091875385677502
594,595,0.471000986390518,0.1740610892483021,0.35493792436117955
595,596,0.5330509116797906,0.21142469152160737,0.2555243967986019
596,597,0.4615874634894207,0.4416190169888891,0.09679351952168974
597,598,0.4840115055107888,0.5130782186432551,0.002910275845955767
598,599,0.417435079933446,0.08031688973133895,0.5022480303352148
599,600,0.3979691982930595,0.35012635969499767,0.25190444201194273
600,601,0.48661076522932567,0.4902485977776884,0.023140636992985717
601,602,0.4053222080285043,0.3925234565329743,0.20215433543852163
