,Window_Index,Loading_Temperature_Prop,Loading_force_Prop,Loading_Voltage_Prop
0,1,0.4072564177672799,0.10041994792860778,0.4923236343041121
1,2,0.4770654460416671,0.48928145254560634,0.0336531014127264
2,3,0.49302527674620134,0.5008669058825936,0.006107817371204882
3,4,0.498396935568743,0.5001731101736966,0.001429954257560594
4,5,0.49598856142474435,0.5012602712625234,0.0027511673127327526
5,6,0.4519122408377781,0.45901834345703424,0.08906941570518813
6,7,0.4622953667314197,0.4499086167606566,0.08779601650792371
7,8,0.4564232780874357,0.4792589762541955,0.06431774565836888
8,9,0.49845064832122754,0.5003628905851873,0.0011864610935850325
9,10,0.4847683908531425,0.4838857559344574,0.03134585321239982
10,11,0.4789054935364657,0.48666860982957805,0.034425896633956406
11,12,0.5009355062562622,0.4874301749688403,0.011634318774897527
12,13,0.4825540335938203,0.5091741166895014,0.008271849716678175
13,14,0.19770124081990037,0.32597474957861944,0.4763240096014796
14,15,0.4978469638316363,0.501120775535365,0.0010322606329982238
15,16,0.0012214891195534896,0.5095416064143103,0.4892369044661361
16,17,0.4835798658850426,0.4854897162074198,0.030930417907537602
17,18,0.49982260417616553,0.5001235332862062,5.386253762827407e-05
18,19,0.497695294881082,0.4992619154687676,0.0030427896501504705
19,20,0.4989310107283123,0.5003924950502071,0.0006764942214803201
20,21,0.49008910649772036,0.4913570985894187,0.018553794912860674
21,22,0.27939659665488126,0.4085232054832078,0.312080197861911
22,23,0.4430971646062117,0.5325189661665223,0.024383869227266028
23,24,0.4573579026151312,0.5295248838274199,0.013117213557448843
24,25,0.38460490106249323,0.07199962579715094,0.5433954731403559
25,26,0.49319699926872684,0.49936891139114287,0.007434089340130309
26,27,0.43508203218713243,0.4631381559836466,0.10177981182922105
27,28,0.4629637097439606,0.44921507688181744,0.08782121337422287
28,29,0.4998503775278239,0.5000991208634521,5.050160872356577e-05
29,30,0.3023990481838884,0.34673075584605617,0.35087019597005564
30,31,0.28377492509371904,0.35538700810393253,0.36083806680234815
31,32,0.23729159800539154,0.3762319920682069,0.38647640992640214
32,33,0.3889879176146836,0.2642075333357338,0.34680454904958236
33,34,0.36548847671425533,0.30485574399296145,0.3296557792927829
34,35,0.47161217602048827,0.4674544373933581,0.06093338658615369
35,36,0.3476126327508047,0.3220861396198189,0.3303012276293761
36,37,0.4255215714395105,0.38451029186126595,0.189968136699223
37,38,0.3453379723693023,0.345478887767812,0.3091831398628855
38,39,0.3392882918146965,0.33014489474401204,0.33056681344129174
39,40,0.3644954406845515,0.3576682262899537,0.2778363330254946
40,41,0.3364116337405087,0.33403239876449353,0.329555967494998
41,42,0.3384355423608502,0.33008710240565536,0.3314773552334939
42,43,0.3390424010801089,0.32763848410639546,0.3333191148134956
43,44,0.3443281280640516,0.3319767824366476,0.32369508949930087
44,45,0.4702239016452457,0.44717829375673473,0.08259780459801921
45,46,0.35874145712750877,0.3130082993782236,0.32825024349426746
46,47,0.3481603494916553,0.31328000874923445,0.33855964175910985
47,48,0.3480094334486146,0.3147113413235992,0.3372792252277865
48,49,0.33340511629448627,0.3296301646299985,0.3369647190755151
49,50,0.013397640004022923,0.49641866298101534,0.4901836970149615
50,51,0.3835282056697268,0.23151318689727568,0.38495860743299737
51,52,0.4238689161104888,0.13973901883131,0.43639206505820094
52,53,0.39992610807499207,0.1688411632527484,0.4312327286722593
53,54,0.4294884695837676,0.11087465769505203,0.4596368727211806
54,55,0.49555950749917926,0.011911657998865484,0.4925288345019552
55,56,0.44704550313894764,0.11166885982156213,0.44128563703949003
56,57,0.4089899776954167,0.1912536684205106,0.3997563538840725
57,58,0.3887762552950842,0.21459727585545035,0.39662646884946545
58,59,0.42429643423982244,0.14761166098927034,0.4280919047709066
59,60,0.41162693140978573,0.17606657454409455,0.4123064940461204
60,61,0.418878800835782,0.16157097465477951,0.41955022450943885
61,62,0.43725595098460907,0.12698080872283662,0.43576324029255414
62,63,0.4336629483268475,0.13967659801619914,0.42666045365695354
63,64,0.48361929948584775,0.037667502040339834,0.4787131984738117
64,65,0.4448190498125888,0.11923871118104001,0.43594223900637186
65,66,0.41632403198512524,0.18435343700151416,0.39932253101336024
66,67,0.4278058394724682,0.19156523918225266,0.38062892134527954
67,68,0.41696207208995517,0.18507675783859992,0.39796117007144527
68,69,0.4809285558698042,0.4725139345686658,0.04655750956152965
69,70,0.4518379295295544,0.43325112488406553,0.11491094558637997
70,71,0.5152031136778443,0.4492162736057435,0.03558061271641211
71,72,0.45415917438337516,0.04547426116721446,0.5003665644494106
72,73,0.296409820795515,0.4755180832473767,0.22807209595710767
73,74,0.22686985859833014,0.4140385178451155,0.3590916235565543
74,75,0.6393017148300956,0.1883562696499856,0.17234201551991926
75,76,0.4935100285394926,0.14278593319638244,0.3637040382641252
76,77,0.44307398755074107,0.2689837538423564,0.2879422586069029
77,78,0.47778020129510973,0.06241729312836014,0.4598025055765302
78,79,0.4710297335449492,0.14099183733284532,0.3879784291222054
79,80,0.48847159640453186,0.042669186357400704,0.46885921723806756
80,81,0.49893335752700596,0.0017896547119028252,0.4992769877610906
81,82,0.4974925749441227,0.021017204629361533,0.4814902204265163
82,83,0.49470417232336733,0.011478688274324737,0.49381713940230715
83,84,0.4710118272108406,0.0625228633151657,0.46646530947399417
84,85,0.48598571971033755,0.027398327109442944,0.48661595318022
85,86,0.45826191749024237,0.1160996318135252,0.42563845069623263
86,87,0.480667399581704,0.06202955620825334,0.45730304421004286
87,88,0.49456353970172046,0.007114398055283038,0.49832206224299574
88,89,0.49555313714697125,0.07521384446650775,0.4292330183865212
89,90,0.4964816488793303,0.04499012577666799,0.45852822534400217
90,91,0.49846660907943413,0.002441120557859839,0.49909227036270604
91,92,0.4655365207407834,0.05627206727022065,0.47819141198899606
92,93,0.42055553135174795,0.19909130143625992,0.3803531672119921
93,94,0.47974371524649073,0.05646679878122593,0.4637894859722836
94,95,0.4935067913380115,0.020958764963755743,0.48553444369823223
95,96,0.4788193953296779,0.037060278387132724,0.48412032628318974
96,97,0.47291074381451914,0.05432908388042445,0.47276017230505646
97,98,0.494545536504942,0.012985281869813289,0.49246918162524494
98,99,0.4674877925759053,0.07138472906263621,0.46112747836145873
99,100,0.44273640190292485,0.12942815335692018,0.4278354447401552
100,101,0.49797932572140047,0.5020032068041888,1.7467474410410056e-05
101,102,0.3654017143428951,0.24528113853205732,0.38931714712504734
102,103,0.4372040339951345,0.11609749154669922,0.44669847445816646
103,104,0.47062439889571966,0.05378943669186106,0.47558616441241863
104,105,0.49590393716892833,0.010420300969216839,0.4936757618618546
105,106,0.497186931931403,0.015583039078827339,0.48723002898976936
106,107,0.44202355220364237,0.13122640811329617,0.42675003968306074
107,108,0.4333957260809501,0.20239386476576104,0.36421040915328873
108,109,0.45882583118859843,0.04252784620355967,0.49864632260784164
109,110,0.48481748880450287,0.014705798887883476,0.5004767123076136
110,111,0.48492564258492804,0.041130930305878485,0.47394342710919324
111,112,0.44224884606011694,0.13057455069565532,0.42717660324422724
112,113,0.4622415326950307,0.07983780835858029,0.45792065894638934
113,114,0.49919577168430185,0.0032822832176234804,0.4975219450980743
114,115,0.48926653786992574,0.019114254777534544,0.49161920735253967
115,116,0.4067900881259811,0.19564871159201855,0.3975612002820005
116,117,0.49856664493544145,0.006202327002239505,0.4952310280623189
117,118,0.4385621251624135,0.12799910732544686,0.43343876751213956
118,119,0.4730090282477415,0.051780459386832005,0.4752105123654265
119,120,0.4240011466630639,0.17771248320644029,0.39828637013049595
120,121,0.500325668413977,0.0008755092749125922,0.49879882231111056
121,122,0.489332555122917,0.01980622909825349,0.49086121577882896
122,123,0.4715681701433396,0.05198477819035595,0.4764470516663044
123,124,0.42584816548472193,0.18250160037670807,0.39165023413857064
124,125,0.45850331893386764,0.2054871522550865,0.3360095288110458
125,126,0.458308774023854,0.16456307662079528,0.37712814935535083
126,127,0.4908077492490229,0.040034702419359976,0.46915754833161677
127,128,0.4602251664587989,0.10567762778939771,0.4340972057518037
128,129,0.5054825326252402,0.006765247198642299,0.4877522201761181
129,130,0.4643600980891222,0.047217966381482845,0.48842193552939545
130,131,0.11792609795974934,0.38168515133258246,0.5003887507076684
131,132,0.3902603825642948,0.2308231762225597,0.3789164412131461
132,133,0.41226724873908255,0.22615948972869368,0.3615732615322239
133,134,0.4174345555033492,0.2170453621718439,0.365520082324807
134,135,0.4116683695611519,0.1891078064698609,0.399223823968987
135,136,0.4536237106390166,0.10853570360189176,0.43784058575909135
136,137,0.47700083145724304,0.050704592520605954,0.47229457602215064
137,138,0.4845444480521898,0.048141326322508324,0.46731422562530167
138,139,0.3890333634870345,0.23401213504508506,0.3769545014678803
139,140,0.4039719999961591,0.2009525379730564,0.3950754620307845
140,141,0.4370114190862635,0.12884638817572489,0.43414219273801125
141,142,0.4431810201426221,0.1307519367476721,0.4260670431097057
142,143,0.4968075771139468,0.02070426637725632,0.48248815650879706
143,144,0.4498277335938369,0.1014108061728269,0.4487614602333358
144,145,0.5012190101553665,0.013163438046744438,0.48561755179788924
145,146,0.501731799545314,0.0010709049713551464,0.4971972954833307
146,147,0.4965320345512445,0.0058469357363107564,0.4976210297124447
147,148,0.49024639659483976,0.020506142735468077,0.4892474606696924
148,149,0.5001373847861401,0.006311169380629678,0.49355144583323013
149,150,0.49378218889671877,0.13528596828562817,0.37093184281765273
150,151,0.44327349360909857,0.21632621520427886,0.34040029118662307
151,152,0.4421809739571874,0.18506144552425777,0.3727575805185554
152,153,0.45536156650562576,0.12441913144158445,0.42021930205279023
153,154,0.43269714620784794,0.14475587516469637,0.422546978627456
154,155,0.42577589825296835,0.17529298278715172,0.3989311189598802
155,156,0.45269132556837444,0.12423647471921478,0.4230721997124104
156,157,0.42972813101578217,0.20235486465475555,0.3679170043294629
157,158,0.45598426267062625,0.13216087804180268,0.4118548592875712
158,159,0.48956772758458056,0.021845579786177422,0.48858669262924165
159,160,0.482347578781963,0.009057810091512986,0.508594611126524
160,161,0.5090955469903976,0.09112714710154772,0.3997773059080547
161,162,0.47656422272416116,0.38551527819703574,0.13792049907880358
162,163,0.43557192513237547,0.3529780237850762,0.2114500510825482
163,164,0.4286456587703849,0.2963843515835356,0.27496998964607944
164,165,0.43390476074065587,0.18787487108723613,0.3782203681721078
165,166,0.47465315042841394,0.2628992325939719,0.26244761697761376
166,167,0.45978413456130257,0.25144770283955564,0.28876816259914206
167,168,0.4940351143193923,0.2982616576281193,0.207703228052489
168,169,0.526673615216912,0.3348283395618296,0.13849804522125794
169,170,0.2991954469186917,0.4722300939777503,0.22857445910355867
170,171,0.43923198670783664,0.22013432047948983,0.34063369281267314
171,172,0.468695056006422,0.20686449836745438,0.32444044562612356
172,173,0.5037290702702152,0.05437533472931354,0.44189559500047104
173,174,0.5285716712845194,0.43159743899286146,0.039830889722619146
174,175,0.4646567962988152,0.14325860865555953,0.39208459504562493
175,176,0.4247593436197664,0.21004859102356485,0.3651920653566681
176,177,0.4336737541821266,0.14263913552297938,0.4236871102948934
177,178,0.4607751602370559,0.1306372124493686,0.4085876273135754
178,179,0.3750605745561312,0.28420298983851583,0.34073643560535244
179,180,0.44049656688167427,0.280911998207793,0.27859143491053245
180,181,0.43844290329207086,0.12103903086775514,0.4405180658401749
181,182,0.4935212294213206,0.018936299725368217,0.48754247085331115
182,183,0.4847477402762131,0.050292055878821136,0.46496020384496567
183,184,0.5000986335522286,4.297683448492356e-06,0.4998970687643228
184,185,0.47391311622402404,0.1558149176537364,0.37027196612223967
185,186,0.4813222766303474,0.018110482278098555,0.500567241091554
186,187,0.4848335088175528,0.18505423638858465,0.3301122547938623
187,188,0.49025280115315,0.49328700265357567,0.016460196193274438
188,189,0.4133910397615601,0.3315199716067543,0.25508898863168583
189,190,0.44796496860386575,0.31267022506287173,0.23936480633326263
190,191,0.4726910222449176,0.36162442779703136,0.16568454995805118
191,192,0.45636345602244055,0.09557593840287364,0.44806060557468663
192,193,0.4865713317889943,0.01118196903147317,0.5022466991795324
193,194,0.5183259102052987,0.4445499102762951,0.037124179518406464
194,195,0.49667401651313703,0.4876671395913796,0.015658843895483925
195,196,0.4868901223789313,0.5058627249198383,0.007247152701230362
196,197,0.4602993489313811,0.47117997677143575,0.06852067429718363
197,198,0.4346671575320514,0.44789643739903445,0.11743640506891347
198,199,0.5011313280319488,0.0001957326350820711,0.49867293933296913
199,200,0.4899160009388988,0.14126166864753742,0.3688223304135642
200,201,0.5397823129581728,0.17676767223655684,0.28345001480527054
201,202,0.544936431210849,0.4298443586778554,0.025219210111296343
202,203,0.46933552740000967,0.5235701096157699,0.007094362984220959
203,204,0.19187075352525618,0.2355528473261191,0.5725763991486243
204,205,0.5069824200423264,0.0031836580975764667,0.48983392186009755
205,206,0.35512249095335213,0.3519285560049772,0.2929489530416713
206,207,0.4758961369890102,0.45479436181982547,0.06930950119116436
207,208,0.49799652120493726,0.4770016058064076,0.02500187298865511
208,209,0.5288489098468006,0.03177128495668792,0.4393798051965115
209,210,0.4961567946326093,0.00797867824633947,0.49586452712105095
210,211,0.4653559840191403,0.2416369269420105,0.2930070890388492
211,212,0.4175189268518177,0.3656353111773727,0.21684576197080985
212,213,0.40374656742021203,0.40114963150496047,0.19510380107482667
213,214,0.4815871803634279,0.46996729294191897,0.048445526694652546
214,215,0.5098580952659411,0.4211288731924788,0.06901303154158041
215,216,0.42441212165961134,0.4416296527593339,0.13395822558105427
216,217,0.4292816676459682,0.16418686195667948,0.40653147039735216
217,218,0.47802522911400236,0.25655912606828135,0.26541564481771657
218,219,0.48573020340657086,0.4306063649971856,0.08366343159624344
219,220,0.45904968708715643,0.15888753509815187,0.3820627778146915
220,221,0.4937735399993333,0.0032229691800031587,0.5030034908206638
221,222,0.5193374958294067,0.1544383016364173,0.3262242025341761
222,223,0.481704793586201,0.010936609876191317,0.5073585965376073
223,224,0.5434018816212071,0.15313934423763353,0.3034587741411593
224,225,0.4976490177650639,0.009262992539897472,0.49308798969503886
225,226,0.08133795764229612,0.35930551176913855,0.5593565305885664
226,227,0.4529134389559809,0.0616088810315473,0.4854776800124721
227,228,0.2819190893616952,0.4185425480330808,0.2995383626052238
228,229,0.5403758682898663,0.45235122892274526,0.007272902787387868
229,230,0.6178353508312004,0.3235047770167331,0.0586598721520661
230,231,0.4965619129530308,0.003316303514091075,0.5001217835328777
231,232,0.5523331268754996,0.3549122294389697,0.09275464368553046
232,233,0.5412737431467485,0.35410893141131206,0.10461732544193993
233,234,0.45466455864609745,0.5334507745642248,0.01188466678967796
234,235,0.21860030125838448,0.5136318912807232,0.26776780746089224
235,236,0.396066181043813,0.4275771627060872,0.17635665625009975
236,237,0.5148128825366998,0.4687437716024914,0.01644334586080893
237,238,0.42877903835771003,0.44139417748029136,0.12982678416199864
238,239,0.39482551665101445,0.4273945720288919,0.1777799113200933
239,240,0.49912210752176117,0.4995226590693504,0.0013552334088883851
240,241,0.4544684289709995,0.09554058346531655,0.4499909875636837
241,242,0.3686050305998504,0.4113882547651587,0.22000671463499094
242,243,0.5320963627704685,0.424703702105131,0.04319993512440047
243,244,0.49472163161850474,0.05326183872581545,0.4520165296556799
244,245,0.3613363620439429,0.28076570794832717,0.3578979300077302
245,246,0.5053920171413319,0.48388827659671785,0.01071970626195042
246,247,0.5148672863766124,0.4828722508099363,0.002260462813450716
247,248,0.527480350338935,0.4379017982786793,0.03461785138238577
248,249,0.5192316043819194,0.3904203274232586,0.090348068194822
249,250,0.4975466734527466,0.5011632282929417,0.0012900982543113315
250,251,0.0841895004407819,0.5746895572045726,0.34112094235464574
251,252,0.30428725414441027,0.289461660026536,0.40625108582905395
252,253,0.36019168744106334,0.12851359902298357,0.5112947135359531
253,254,0.40247921003860887,0.08379971716240402,0.5137210727989868
254,255,0.28423155963289315,0.595925496348512,0.11984294401859506
255,256,0.4819166634720367,0.5000825583496504,0.018000778178313116
256,257,0.5491822999694815,0.10582186384842181,0.34499583618209656
257,258,0.4310373068246353,0.20613331954019115,0.362829373635174
258,259,0.5080586428755893,0.4826636467679688,0.00927771035644216
259,260,0.4890676608863164,0.32784976406404853,0.18308257504963527
260,261,0.5203305751745845,0.409298611947102,0.07037081287831276
261,262,0.4002851943429473,0.2640164580690377,0.3356983475880152
262,263,0.4767436819573042,0.4166608686181017,0.10659544942459395
263,264,0.49596679109182973,0.023866878991279743,0.48016632991689084
264,265,0.132592860828308,0.27768500046775774,0.5897221387039341
265,266,0.45312367855445285,0.008076332196137431,0.5387999892494101
266,267,0.5094449755258644,0.39496100108404114,0.09559402339009453
267,268,0.43165802173831547,0.1332135154215905,0.43512846284009415
268,269,0.484028146673317,0.3675787238176844,0.14839312950899838
269,270,0.4701879331315286,0.5015550156835697,0.028257051184901433
270,271,0.41816789501649954,0.4593095441479927,0.12252256083550814
271,272,0.5089093912717417,0.048532756431574224,0.44255785229668426
272,273,0.24082906909463384,0.5165321563937859,0.2426387745115799
273,274,0.05539859699797233,0.5478942293538522,0.3967071736481753
274,275,0.0047844297102446086,0.5247404495977637,0.47047512069199166
275,276,0.5193752725829588,0.007268224101742653,0.47335650331529805
276,277,0.005863498605122032,0.47875255648935355,0.515383944905524
277,278,0.5282627379612372,0.46189666834476856,0.009840593693994398
278,279,0.4179505742701106,0.435982279222146,0.14606714650774305
279,280,0.00539878667219193,0.45510426016285843,0.5394969531649493
280,281,0.5620214951730295,0.3659912358330288,0.07198726899394153
281,282,0.3454303229608113,0.481132280982795,0.1734373960563929
282,283,0.36259228948923866,0.4191802401028726,0.21822747040788867
283,284,0.5716805852601472,0.278250085485583,0.15006932925426933
284,285,0.4782498189158268,0.5156314324901624,0.006118748594010731
285,286,0.5033560833702282,0.005679738543194708,0.49096417808657705
286,287,0.41574006322756046,0.4528690871378611,0.1313908496345782
287,288,0.5510173244859377,0.13166304935800094,0.3173196261560617
288,289,0.5044510223175613,0.49456577902125887,0.0009831986611801007
289,290,0.2516609249044329,0.24134241007869983,0.5069966650168675
290,291,0.2913458148049741,0.3822143672982258,0.32643981789679993
291,292,0.44567153573476487,0.4506387442979518,0.10368971996728356
292,293,0.465864837988402,0.4875272218169476,0.046607940194649984
293,294,0.3586957166880189,0.47248003620717105,0.16882424710481023
294,295,0.412669817557694,0.09942129836078054,0.48790888408152483
295,296,0.015157086379442441,0.5065676485401447,0.47827526508041296
296,297,0.13068252393346366,0.4874569559273676,0.38186052013916894
297,298,0.02981090342542332,0.5451957112256799,0.4249933853488968
298,299,0.14144028966164215,0.500171911241923,0.3583877990964351
299,300,0.3694265374431001,0.5046669706168293,0.12590649194007036
300,301,0.37408621311843443,0.37178547049872557,0.25412831638283995
301,302,0.4526751807816522,0.40528299614214436,0.1420418230762038
302,303,0.4457709581403628,0.03435087659012243,0.5198781652695144
303,304,0.33414682841826254,0.07514987443123913,0.5907032971504981
304,305,0.5111601340537607,0.47426748430621735,0.014572381640021418
305,306,0.46517762559943976,0.5208797627669345,0.013942611633626142
306,307,0.48755059647401516,0.4840154863217391,0.028433917204246137
307,308,0.5144693001123356,0.47752897502117964,0.008001724866484946
308,309,0.4889831670760005,0.10239551736618752,0.4086213155578119
309,310,0.5053053860919593,0.4881026595177222,0.006591954390318562
310,311,0.24153623362810592,0.33908469577062483,0.41937907060126883
311,312,0.2702752071579607,0.38099702766194904,0.3487277651800905
312,313,0.012652048633616257,0.4549732975106597,0.5323746538557238
313,314,0.42157799802874635,0.545145102880035,0.03327689909121833
314,315,0.003217379656998127,0.47239977260895716,0.5243828477340446
315,316,0.5175973454211261,0.35910567341333544,0.12329698116553865
316,317,0.4888578143162184,0.015416559354677825,0.4957256263291038
317,318,0.45619795532382873,0.25586881262764416,0.28793323204852717
318,319,0.2937747030769183,0.30091453747193236,0.4053107594511499
319,320,0.45155167127835755,0.38790533628465007,0.1605429924369921
320,321,0.4717331795971267,0.20213681615111562,0.32613000425175737
321,322,0.4978673105699801,0.14765267933907741,0.3544800100909429
322,323,0.3960116240362958,0.5462067059957305,0.05778166996797391
323,324,0.48909384410270573,0.4611243624424189,0.04978179345487542
324,325,0.49739686230433494,0.45842481548384556,0.04417832221181998
325,326,0.3875242826375133,0.06723431850042898,0.5452413988620582
326,327,0.3413594861445794,0.5442979730627326,0.11434254079268844
327,328,0.48671524207989586,0.0011314711420628506,0.5121532867780417
328,329,0.5738504736725416,0.15307369006085517,0.2730758362666035
329,330,0.4416514220372287,0.46558979987550575,0.09275877808726583
330,331,0.3591951957956588,0.15121526571575386,0.4895895384885867
331,332,0.5907505902739156,0.19925139899309274,0.2099980107329916
332,333,0.40045260776911457,0.18849374828500448,0.41105364394588073
333,334,0.180050168251021,0.4417019409873953,0.37824789076158327
334,335,0.35719519936566335,0.5484868706812346,0.09431792995310187
335,336,0.27175816242013195,0.5880638838690447,0.14017795371082356
336,337,3.113875421596602e-05,0.5006914151548789,0.4992774460909051
337,338,0.2742041182809859,0.3776653398006934,0.3481305419183207
338,339,0.46407016216707564,0.49125267991988253,0.04467715791304179
339,340,0.13214688921581844,0.39576732487554406,0.47208578590863753
340,341,0.49921724169700415,0.22340980296435572,0.27737295533864026
341,342,0.5068114280084846,0.07864506762985489,0.4145435043616601
342,343,0.4969465971763213,0.5025105434286523,0.0005428593950267285
343,344,0.5174321370659846,0.27340555360925917,0.20916230932475607
344,345,0.5161446945351467,0.04271413773281122,0.44114116773204237
345,346,0.502010450623077,0.002264941133833932,0.4957246082430885
346,347,0.47851970171713465,0.019843269837621275,0.501637028445244
347,348,0.5039126731568145,0.014523739025368307,0.4815635878178169
348,349,0.44873922655015475,0.20208150221281582,0.34917927123702897
349,350,0.46320954837611295,0.04052998732481465,0.4962604642990728
350,351,0.5305178894504803,0.006087937493761966,0.46339417305575764
351,352,0.40696478944914255,0.09022800239335226,0.5028072081575049
352,353,0.4627518598640926,0.09060400499549562,0.446644135140412
353,354,0.505680853123718,0.00025562749714603297,0.4940635193791361
354,355,0.46643807634334816,0.3203895237129787,0.21317239994367318
355,356,0.45096596958939816,0.33550128920772165,0.2135327412028799
356,357,0.14623717656761176,0.5796890965609525,0.2740737268714346
357,358,0.4148917888468214,0.023708535067110643,0.5613996760860679
358,359,0.40206815227627984,0.16045645509595485,0.43747539262776525
359,360,0.4900523951170425,0.028953961350231473,0.4809936435327263
360,361,0.42917123366659304,0.08609231633436334,0.4847364499990436
361,362,0.47334917122640224,0.4113895560925016,0.11526127268109577
362,363,0.6540071077606373,0.21627561157902778,0.12971728066033505
363,364,0.039707406125346296,0.5049907324409786,0.45530186143367524
364,365,0.48112708961663586,0.5140833435557891,0.004789566827575198
365,366,0.5166452767916422,0.09468011411092407,0.38867460909743384
366,367,0.49491133814974575,0.14955398396120342,0.35553467788905097
367,368,0.4905145977490438,0.014805887774458446,0.4946795144764978
368,369,0.5051403762973922,0.36231121183409043,0.13254841186851773
369,370,0.3561246101478173,0.2896771742076079,0.3541982156445745
370,371,0.29717409574301445,0.30176921975046495,0.4010566845065209
371,372,0.410207228890569,0.03036032516341894,0.5594324459460116
372,373,0.5001091100709726,0.4953498987996533,0.004540991129374499
373,374,0.40899313793707814,0.5249397544102102,0.06606710765271162
374,375,0.564074789292502,0.0969480346126093,0.3389771760948884
375,376,0.3305178007212386,0.3578750502173967,0.311607149061365
376,377,0.5085594129746658,0.0019159065232594887,0.4895246805020743
377,378,0.5471763494229521,0.44040223407460993,0.012421416502437997
378,379,0.5010744999178802,0.4928273994567859,0.0060981006253340376
379,380,0.4627202063569405,0.2361656559559827,0.3011141376870766
380,381,0.4700201015298461,0.5112237256817159,0.018756172788437952
381,382,0.4975259077480076,0.5007145301054348,0.001759562146558091
382,383,0.49265357072131766,0.4947098252851376,0.01263660399354447
383,384,0.18581865902114295,0.4342754630674738,0.37990587791138347
384,385,0.447689305107081,0.5393229176078712,0.01298777728504833
385,386,0.509489211649857,0.2841345307555832,0.20637625759455944
386,387,0.47926011038018496,0.2791822685360607,0.2415576210837544
387,388,0.45240175005966626,0.23087627310229444,0.3167219768380393
388,389,0.5159918865869185,0.039016068083053454,0.444992045330028
389,390,0.34976124689777266,0.32528312618863775,0.3249556269135899
390,391,0.41180228457828444,0.4070113500009347,0.18118636542078057
391,392,0.40663009466434874,0.11506976030117319,0.47830014503447804
392,393,0.5245233901986257,0.39760984745428785,0.07786676234708641
393,394,0.5465477462476194,0.31199134552388524,0.14146090822849508
394,395,0.42678198270002343,0.1005726674191783,0.47264534988079826
395,396,0.5019996921858659,0.49789451478857166,0.00010579302556239619
396,397,0.51804729558832,0.18331709780807284,0.2986356066036072
397,398,0.42262080677497105,0.5313097939186103,0.04606939930641869
398,399,0.41950271544437023,0.44683357652843375,0.13366370802719602
399,400,0.44268562991906174,0.29719616176154257,0.2601182083193956
400,401,0.3039653743534591,0.4028624416241875,0.2931721840223534
401,402,0.4922254099407354,0.008054476969768751,0.4997201130894959
402,403,0.48658167039551875,0.007261748335677853,0.5061565812688036
403,404,0.5020000379136512,0.002153812067932877,0.49584615001841564
404,405,0.5167319055432141,0.1418360439729294,0.3414320504838569
405,406,0.5045463023900085,0.38333978750133263,0.11211391010865873
406,407,0.5000981115065433,0.02535950335391327,0.47454238513954317
407,408,0.5066340263084301,0.015026471927057083,0.4783395017645129
408,409,0.4025618244312885,0.337010515123756,0.2604276604449558
409,410,0.5173615048463112,0.47038294054888713,0.012255554604801365
410,411,0.5020762687519086,0.49663137187834355,0.0012923593697482469
411,412,0.477464494281786,0.06483278036754785,0.45770272535066653
412,413,0.4995684070499084,0.013146211429899893,0.4872853815201923
413,414,0.009974873742554187,0.495574844574622,0.4944502816828245
414,415,0.4996578479790191,2.3950546851889963e-06,0.5003397569662957
415,416,0.3253759433182999,0.17385760512922402,0.5007664515524756
416,417,0.21862055669970498,0.5850904060776836,0.19628903722261118
417,418,0.0906082237462371,0.2952792060522381,0.6141125702015241
418,419,0.2508025121877035,0.33568287599550173,0.41351461181679444
419,420,0.34533685208057474,0.3192877096527213,0.33537543826670396
420,421,0.41513431920162946,0.06803909144422085,0.5168265893541494
421,422,0.47205030171499524,0.48716253336696413,0.04078716491804126
422,423,0.49145599208997587,0.5007054094717529,0.00783859843827134
423,424,0.4298544191452161,0.35763835272397004,0.21250722813081427
424,425,0.40432244208554874,0.3445886972848214,0.25108886062962976
425,426,0.4878625528546523,0.5029485210497248,0.009188926095623063
426,427,0.48923027459494806,0.005702294637136827,0.5050674307679148
427,428,0.4802953257107108,0.04908471193151731,0.47061996235777165
428,429,0.4121608326104823,0.41387790678180086,0.1739612606077165
429,430,0.4545071468209257,0.37966600603187317,0.1658268471472003
430,431,0.4887478116358724,0.062141301215646656,0.44911088714848124
431,432,0.5064742095951007,0.4570709608118653,0.03645482959303378
432,433,0.48715657348756325,0.3952245086839203,0.11761891782851608
433,434,0.49879872959937965,0.008344619032044559,0.4928566513685765
434,435,0.4664015471549523,0.215886543186957,0.3177119096580906
435,436,0.43213897561005515,0.15446284552444148,0.41339817886550334
436,437,0.505318023818124,0.48933541269060915,0.005346563491266762
437,438,0.5128641837424447,0.43668501374821017,0.05045080250934526
438,439,0.5093046633309631,0.4883216811704469,0.002373655498589516
439,440,0.37334134852987866,0.5581471234603869,0.06851152800973401
440,441,0.4741446250269809,0.46969019021660924,0.0561651847564103
441,442,0.49266405218279324,0.04571845949369993,0.4616174883235062
442,443,0.49644229572826304,0.2246266309631156,0.2789310733086216
443,444,0.5024336427599418,0.49310529743762765,0.0044610598024302575
444,445,0.5327272893592497,0.06310426348025296,0.4041684471604975
445,446,0.05687420061824345,0.5694587288382932,0.3736670705434634
446,447,0.033121557652747456,0.42171994078618913,0.5451585015610637
447,448,0.3012579902415227,0.5664421366108908,0.13229987314758643
448,449,0.44225554815492263,0.26714091387771133,0.29060353796736615
449,450,0.4384661592620277,0.3849826226585116,0.17655121807946061
450,451,0.46117785665231437,0.4325215303535212,0.10630061299416423
451,452,0.3996462861742668,0.2848346349955694,0.31551907883016367
452,453,0.10413199769134254,0.5287487380473209,0.3671192642613369
453,454,0.4321778541183207,0.22512446164306868,0.3426976842386104
454,455,0.4505448566662192,0.5205763253033868,0.028878818030393664
455,456,0.35249774378845916,0.34283620848258234,0.30466604772895833
456,457,0.4493511623358984,0.4330085864933619,0.11764025117074015
457,458,0.568068623475201,0.13219143564523117,0.29973994087956746
458,459,0.3388136333381655,0.28365324687406196,0.3775331197877727
459,460,0.5034418049285806,0.0341125000638527,0.462445695007567
460,461,0.5201837783572171,0.44962596340949507,0.030190258233287536
461,462,0.4559628646518161,0.2908667241642703,0.2531704111839131
462,463,0.5216660139221349,0.07864766885696836,0.399686317220897
463,464,0.4277003702738178,0.05059531517833481,0.5217043145478468
464,465,0.6072328293910157,0.1069176627446408,0.2858495078643437
465,466,0.4940544494951273,0.4749615310836358,0.0309840194212365
466,467,0.5575792824599132,0.1621807659805142,0.2802399515595726
467,468,0.44362679880440736,0.0312666370266367,0.525106564168956
468,469,0.2015143720266576,0.5981528386606647,0.2003327893126776
469,470,0.5028068462917693,0.00015405806454661493,0.49703909564368465
470,471,0.5171916479498326,0.13387917532030127,0.3489291767298669
471,472,0.2448188910426171,0.33293718980725984,0.42224391915012294
472,473,0.5098481633881315,0.46530674163820174,0.024845094973666913
473,474,0.3506047423382152,0.18832051171207753,0.4610747459497079
474,475,0.4726564306014951,0.2029213259924254,0.3244222434060792
475,476,0.4809124338142476,0.0537903112598048,0.46529725492594665
476,477,0.5307244964124173,0.16522711592516512,0.30404838766241765
477,478,0.5306000590787041,0.17234726224886537,0.2970526786724304
478,479,0.5676738886246714,0.2933464414961347,0.13897966987919413
479,480,0.49328747401021095,0.4822251372926772,0.024487388697112228
480,481,0.4454693324672259,0.4450503251329336,0.10948034239984075
481,482,0.36840601287241476,0.10595675401208973,0.525637233115495
482,483,0.22360570284601258,0.28879166150948277,0.48760263564450435
483,484,0.07009468888480651,0.4219065627114713,0.5079987484037221
484,485,0.033142822005556336,0.5224354478585339,0.44442173013591063
485,486,0.4738879692057265,0.5155873394531901,0.01052469134108283
486,487,0.5366422646190807,0.4169247698837884,0.04643296549713045
487,488,0.42051249982535027,0.3239013987332261,0.25558610144142363
488,489,0.472217145045815,0.09939888137554076,0.4283839735786443
489,490,0.44381257444498307,0.3285919280407064,0.22759549751431074
490,491,0.41162214288231386,0.5230284592199042,0.06534939789778184
491,492,0.36275576532222675,0.4743878659634616,0.1628563687143121
492,493,0.5705138995817567,0.03140179623832371,0.3980843041799193
493,494,0.48078872016487506,0.011058601715914128,0.5081526781192104
494,495,0.4364844340376432,0.24399141610991526,0.3195241498524416
495,496,0.4861919348596409,0.0917150449400253,0.422093020200334
496,497,0.48838991550264504,0.11528795736149573,0.39632212713585946
497,498,0.47839522229154297,0.1492801854860054,0.3723245922224516
498,499,0.5018007250870887,0.1962709202645412,0.3019283546483701
499,500,0.4343812423103703,0.471221319061807,0.09439743862782266
500,501,0.486285257427063,0.40184494999532416,0.11186979257761291
501,502,0.48801629456568113,0.496217147554086,0.01576655788023304
502,503,0.390962125625818,0.05547302812856346,0.5535648462456186
503,504,0.4289090326691972,0.48988743777609145,0.08120352955471129
504,505,0.3997249948053121,0.5021894791669866,0.09808552602770104
505,506,0.4839002727427003,0.4979968670197795,0.01810286023752038
506,507,0.4997267654173681,0.49915911523395096,0.0011141193486811963
507,508,0.49728623368342845,0.49576152594717965,0.006952240369391811
508,509,0.47769787640403244,0.5155582355030126,0.00674388809295499
509,510,0.48704776048155973,0.44873538490237486,0.06421685461606619
510,511,0.4591394252793698,0.40452231322081206,0.13633826149981781
511,512,0.5781740081830744,0.047249497332471684,0.3745764944844535
512,513,0.337078506332538,0.23134496803214438,0.43157652563531723
513,514,0.46768164470643875,0.04869241175023755,0.4836259435433239
514,515,0.38562928504378524,0.49269302022056455,0.12167769473565011
515,516,0.3910679004752106,0.4568953851766733,0.1520367143481163
516,517,0.4910404157482482,0.49472691273485764,0.014232671516894183
517,518,0.4458195099629086,0.2915670718059071,0.2626134182311842
518,519,0.4923736986598995,0.07168959812676384,0.4359367032133365
519,520,0.5202529730623566,0.47762325382588056,0.0021237731117628995
520,521,0.4754500542563007,0.4788686174849203,0.04568132825877914
521,522,0.4084775807144537,0.43540245426865753,0.15611996501688827
522,523,0.5069821425973423,0.010175522268880027,0.4828423351337777
523,524,0.21929440933614672,0.44126772612035486,0.339437864543499
524,525,0.06399217822059043,0.4624462406318123,0.4735615811475967
525,526,0.07533773676764688,0.4201760187435695,0.5044862444887832
526,527,0.09676767279285685,0.461876394241588,0.44135593296555486
527,528,0.018375720259241838,0.4949015469908366,0.4867227327499216
528,529,0.012407110683123364,0.5205929043067742,0.4669999850101032
529,530,0.40518507060195114,0.5168920263979347,0.0779229030001142
530,531,0.43026569894424804,0.4083957772639885,0.16133852379176322
531,532,0.3918910709513009,0.10692006099225124,0.5011888680564479
532,533,0.5275650753332574,0.04142169138452081,0.43101323328222235
533,534,0.4682641101930508,0.09829168387977305,0.4334442059271757
534,535,0.47236038033146477,0.3197846664036668,0.20785495326486833
535,536,0.5023341005928089,0.4970769594817103,0.000588939925480925
536,537,0.11966836543426417,0.3163900212952849,0.563941613270451
537,538,0.4827775145795096,0.5151891470668134,0.002033338353677178
538,539,0.267412146575465,0.4662890522150599,0.2662988012094748
539,540,0.4919239953716493,0.05948143467665658,0.4485945699516943
540,541,0.49965555799345834,8.468059719615472e-05,0.5002597614093456
541,542,0.5270883748337275,0.33309525852422467,0.13981636664204755
542,543,0.4358055966297801,0.2830273416662837,0.2811670617039364
543,544,0.44564981614384075,0.31752405520621674,0.2368261286499427
544,545,0.4809426750111261,0.4941505686706339,0.024906756318240266
545,546,0.43097970598789864,0.46380712487559583,0.10521316913650586
546,547,0.4398391628891485,0.24276885728467268,0.3173919798261786
547,548,0.4740468759543351,0.44711797515870827,0.07883514888695696
548,549,0.417689271465626,0.2334401223709027,0.3488706061634717
549,550,0.4563537056037494,0.3893515544004711,0.1542947399957797
550,551,0.49628582016706085,0.4920058936536943,0.01170828617924473
551,552,0.4421693458892789,0.4526980901710706,0.10513256393965097
552,553,0.3807311730658387,0.4751313493662262,0.14413747756793518
553,554,0.439011435048464,0.45260108888137945,0.10838747607015681
554,555,0.31134353263007686,0.35667089290126575,0.331985574468658
555,556,0.34394169052728546,0.23719728237227578,0.418861027100439
556,557,0.5015396067801983,0.49195028405114266,0.006510109168659229
557,558,0.07142800808522838,0.4504746404144039,0.47809735150036703
558,559,0.4654726044100487,0.5188607662053054,0.015666629384646247
559,560,0.47307965754720405,0.4755612977480132,0.05135904470478277
560,561,0.49211742074662956,0.494224565508316,0.013658013745054013
561,562,0.4958976187655448,0.4994696427304334,0.00463273850402187
562,563,0.028899168156487468,0.5511017941488542,0.41999903769465863
563,564,0.30490612686399376,0.3677875997169156,0.32730627341909047
564,565,0.4350671517747743,0.44521577998438583,0.11971706824084036
565,566,0.4573741380639017,0.4840219104041415,0.05860395153195669
566,567,0.0107603006036252,0.5411679058160751,0.4480717935802996
567,568,0.4122121849901092,0.3191469684068068,0.26864084660308424
568,569,0.49181510714414406,0.4568893260261297,0.051295566829725976
569,570,0.43337043405546155,0.23357296228899435,0.3330566036555442
570,571,0.33200157165857597,0.45951836832834386,0.20848006001307998
571,572,0.13403592695018354,0.5155770873557323,0.3503869856940844
572,573,0.4721284143671149,0.4377152862845425,0.09015629934834302
573,574,0.500319188046311,0.44998139517528324,0.04969941677840575
574,575,0.3434180912816097,0.365282109893802,0.2912997988245886
575,576,0.4780917126972914,0.4224281319350894,0.0994801553676196
576,577,0.2883906130998545,0.44487844065497073,0.2667309462451745
577,578,0.45669944817327757,0.10219426571473005,0.441106286111992
578,579,0.48628209537007294,0.002268054917490798,0.5114498497124361
579,580,0.47239266859629525,0.1340642962611079,0.3935430351425968
580,581,0.45882319329078186,0.45735359456207636,0.0838232121471416
581,582,0.22862002841226703,0.3690632303920102,0.40231674119572325
582,583,0.4860163538625822,0.2977266613217298,0.21625698481568803
583,584,0.4400796296781394,0.4223412732319464,0.137579097089914
584,585,0.505187529172585,0.4942497125344969,0.0005627582929179884
585,586,0.4938492168060956,0.5013922769786493,0.004758506215255448
586,587,0.4417570402300646,0.5150390919336222,0.043203867836313525
587,588,0.46516579944750525,0.22136099571025505,0.31347320484224006
588,589,0.4797385504117384,0.5176054022664736,0.002656047321788181
589,590,0.4890617803683617,0.5050760935671407,0.005862126064497503
