,Window_Index,Loading_Temperature_Prop,Loading_force_Prop,Loading_Voltage_Prop
0,1,0.5006485714735183,0.32663642801715875,0.17271500050932306
1,2,0.5666419048786516,0.29734646602398185,0.13601162909736636
2,3,0.392963763938619,0.09481413219702287,0.5122221038643578
3,4,0.06780430857385893,0.4560007499569399,0.47619494146920077
4,5,0.0580978607689504,0.4562862389146085,0.48561590031644114
5,6,0.26182295817334383,0.5455399753127743,0.19263706651388185
6,7,0.3355701520974387,0.3007986045405181,0.3636312433620433
7,8,0.5145303072971158,0.10837833448206703,0.3770913582208172
8,9,0.4830834533282322,0.46974490843344346,0.04717163823832434
9,10,0.18995399660840342,0.5001979638763819,0.3098480395152142
10,11,0.4688968873848004,0.3302220724362231,0.20088104017897657
11,12,0.3205572271245126,0.2013003985030995,0.47814237437238855
12,13,0.3662703951399791,0.11120531966792432,0.5225242851920967
13,14,0.38361214960656365,0.5609287775669447,0.05545907282649158
14,15,0.5751541407819425,0.28277437925308335,0.14207147996497407
15,16,0.49851565545592297,0.02500958298811857,0.47647476155595864
16,17,0.33609022809413136,0.4218041834402407,0.24210558846562877
17,18,0.49332744549338337,0.0018581240939708535,0.5048144304126457
18,19,0.43484474493837877,0.17120067242543327,0.39395458263618793
19,20,0.45015754447494094,0.49675831042607965,0.053084145098979484
20,21,0.1932700458148644,0.2788553466734935,0.5278746075116424
21,22,0.5007062353474729,0.49846103592247176,0.0008327287300557406
22,23,0.4762453436425691,0.4639280009113165,0.05982665544611467
23,24,0.49368890605989213,0.499768730874115,0.00654236306599379
24,25,0.44971110422808536,0.4533816205920962,0.0969072751798188
25,26,0.47944750774751693,0.5101238759849931,0.010428616267489593
26,27,0.4503421656048444,0.42474066940552535,0.12491716498963076
27,28,0.02123866647248898,0.502061322267944,0.4767000112595664
28,29,0.5001213122937233,0.48662338991895066,0.013255297787325796
29,30,0.4999081186913789,0.49999931055836133,9.257075025971506e-05
30,31,0.4822283110065316,0.44275042769579676,0.07502126129767163
31,32,0.4972524471213223,0.45727508920089255,0.04547246367778516
32,33,0.3244001046206019,0.34945698566712186,0.32614290971227583
33,34,0.46132526122463247,0.48560670901552444,0.05306802975984342
34,35,0.511383402559513,0.46048308536562804,0.028133512074859052
35,36,0.4991758631274046,0.4975341701116936,0.0032899667609022007
36,37,0.40712581300837714,0.4943676818083042,0.09850650518331855
37,38,0.13372922194299725,0.29097660916177204,0.575294168895231
38,39,0.46633117179908046,0.18317423744204708,0.35049459075887257
39,40,0.5141116210292664,0.4449175699814181,0.04097080898931533
40,41,0.4759139244877429,0.46634865800565817,0.05773741750659901
41,42,0.0069079084651800125,0.5033061342488832,0.4897859572859371
42,43,0.3728171174270875,0.41240784953347076,0.21477503303944134
43,44,0.4436978006206263,0.42472186326579003,0.1315803361135843
44,45,0.49186421280551496,0.5055479943367893,0.0025877928576953763
45,46,0.48224389394063805,0.4917920751306958,0.025964030928666306
46,47,0.47823772689347654,0.5042100238234116,0.017552249283111724
47,48,0.49811670424655424,0.5000928467473608,0.0017904490060851818
48,49,0.5007477271699334,0.4861794271816342,0.013072845648432273
49,50,0.5778663783030499,0.1093555514502724,0.3127780702466779
50,51,0.5002548410204812,0.49971410143434936,3.105754516964824e-05
51,52,0.37533524878408586,0.434627929546845,0.1900368216690691
52,53,0.5540040399665099,0.3986042660847455,0.04739169394874434
53,54,0.49917942213924704,0.5001476683609305,0.0006729094998220084
54,55,0.4280349359980663,0.3571179809728609,0.2148470830290723
55,56,0.5969316013752782,0.34083152355115875,0.06223687507356261
56,57,0.5014760583309499,0.4966045446074871,0.0019193970615630574
57,58,0.38771664327151645,0.3896810288542752,0.22260232787420828
58,59,0.048793346648548445,0.438322024261384,0.5128846290900674
59,60,0.29168711117895957,0.4176849731270853,0.29062791569395563
60,61,0.4296285627111982,0.5153267661762062,0.055044671112595665
61,62,0.33041294505818847,0.45680763532575336,0.21277941961605765
62,63,0.3977936998673029,0.4988946723325866,0.10331162780011072
63,64,0.5067020430877189,0.4691017240348317,0.024196232877449812
64,65,0.37078774916653534,0.3560663293540825,0.2731459214793822
65,66,0.4725484847610377,0.4735431732467427,0.05390834199221898
66,67,0.4892749833236082,0.5101652711993248,0.0005597454770673261
67,68,0.4937372861752025,0.4307301844252895,0.07553252939950807
68,69,0.48729269812119475,0.24290150922274872,0.26980579265605664
69,70,0.49915890325361373,0.4999074050855994,0.0009336916607867069
70,71,0.49859433508243345,0.49891719757088154,0.0024884673466846036
71,72,0.47307882258251005,0.4719479966941809,0.05497318072330937
72,73,0.4795567537808968,0.4936932840393726,0.026749962179730358
73,74,0.4987799943366919,0.4797983189449679,0.021421686718340566
74,75,0.5008178733656841,0.4981872365703086,0.0009948900640072969
75,76,0.48547681460595504,0.4432502278727489,0.07127295752129677
76,77,0.4982974404354006,0.4717523128580459,0.029950246706553548
77,78,0.4848844969528483,0.4656152666818766,0.04950023636527495
78,79,0.49863169853022304,0.5001325741115648,0.0012357273582126783
79,80,0.49482297356254235,0.5016147687973299,0.003562257640128013
80,81,0.4979040786325891,0.501170833448563,0.0009250879188478865
81,82,0.45608504551649337,0.5138951601352816,0.03001979434822494
82,83,0.49317105515907733,0.49618816243823427,0.010640782402688545
83,84,0.49830916603537667,0.501010201852001,0.000680632112622303
84,85,0.49934435732187216,0.4928013622051713,0.007854280472956594
85,86,0.504608828180304,0.4401148926334641,0.05527627918623166
86,87,0.5101734239878375,0.26672786049554165,0.22309871551662055
87,88,0.4903569035747684,0.505076111470276,0.004566984954955313
88,89,0.4760882507517164,0.49464349119080814,0.02926825805747531
89,90,0.3976241342426748,0.4863484954980897,0.11602737025923615
90,91,0.49300423371552454,0.5022582104859148,0.004737555798561248
91,92,0.49694413429630246,0.4930045264392761,0.010051339264421658
92,93,0.49946274435931814,0.49937258165070303,0.0011646739899795343
93,94,0.5002462963218578,0.49742112701006486,0.002332576668076921
94,95,0.0005125211589940965,0.488796605734876,0.5106908731061303
95,96,0.35451938637197894,0.23371673802459683,0.4117638756034242
96,97,0.3636472069872235,0.5244569530928721,0.11189583991990427
97,98,0.3035137508602986,0.5698443331529117,0.12664191598678975
98,99,0.4915279565217484,0.49156105852576387,0.016910984952487173
99,100,0.44389663404333235,0.4829491411231742,0.07315422483349347
100,101,0.3402007828423759,0.5289077191695327,0.13089149798809105
101,102,0.4867004970957492,0.4817874417831991,0.0315120611210515
102,103,0.44643653261464433,0.47585042986170606,0.07771303752364896
103,104,0.42617699147192856,0.4572260469870694,0.11659696154100208
104,105,0.34855295396977887,0.5359326187160228,0.11551442731419785
105,106,0.4099829955695978,0.4351397064929114,0.15487729793749025
106,107,0.4715568934723602,0.4968232209482122,0.0316198855794279
107,108,0.37591143119128334,0.20569225566379076,0.4183963131449261
108,109,0.4160286318381158,0.5269801561014288,0.05699121206045558
109,110,0.5002716485084189,0.49970379702569373,2.4554465887249168e-05
110,111,0.4976799522373204,0.46230695794208243,0.04001308982059678
111,112,0.38578878235958086,0.46259260870408625,0.1516186089363331
112,113,0.46245235893077963,0.4811480464339871,0.05639959463523332
113,114,0.3287245423664583,0.5201224589595687,0.15115299867397292
114,115,0.5173087654236134,0.43364650163941326,0.049044732936973305
115,116,0.47503926824601955,0.5004868585834752,0.02447387317050536
116,117,0.48719221409660396,0.5021789728634349,0.01062881303996138
117,118,0.45113569586241176,0.15565230290894155,0.3932120012286472
118,119,0.3074831025592506,0.3184996137423821,0.3740172836983671
119,120,0.3420937466569858,0.3273372751098497,0.330568978233165
120,121,0.33035919495526045,0.34852725386376504,0.3211135511809743
121,122,0.2383520424355231,0.3705390864584729,0.3911088711060039
122,123,0.17926835910175895,0.4016011603374753,0.4191304805607662
123,124,0.013359740945652402,0.4997977464666131,0.4868425125877346
124,125,0.16938462503525623,0.4212525798976404,0.4093627950671034
125,126,0.027728879119599096,0.474374346986559,0.4978967738938418
126,127,0.27453645706299384,0.4077707506321983,0.3176927923048074
127,128,0.05961000073859485,0.472224551124144,0.468165448137261
128,129,0.23694333628434402,0.4070150268771452,0.3560416368385107
129,130,0.3423327456599425,0.4331381626239139,0.22452909171614324
130,131,0.4099093358998414,0.5104598302845804,0.07963083381557863
131,132,0.395551025702099,0.226449798025608,0.37799917627229324
132,133,0.4999140639954793,0.5000834371560445,2.498848476101268e-06
133,134,0.427006908884351,0.45647587826348585,0.1165172128521634
134,135,0.3970081412141829,0.43228240644786525,0.17070945233795193
135,136,0.17367875062634996,0.3876135229460392,0.43870772642761013
136,137,0.2891253607169929,0.4610235579261546,0.2498510813568532
137,138,0.21174959018408657,0.528946555712356,0.2593038541035578
