,Window_Index,Loading_Temperature_Prop,Loading_force_Prop,Loading_Voltage_Prop
0,1,0.5102073924881462,0.2943487589386547,0.19544384857319905
1,2,0.4390377263079594,0.4071951535930846,0.15376712009895624
2,3,0.4944635104475407,0.5036084965800701,0.0019279929723892302
3,4,0.47915591646914274,0.5044307381423211,0.016413345388536074
4,5,0.0067727547695949405,0.4535850162034521,0.5396422290269531
5,6,0.5061021679668342,0.4700911878849933,0.02380664414817254
6,7,0.43381892339031997,0.3645003760554159,0.2016807005542642
7,8,0.4935019610292836,0.4669882143332283,0.039509824637488276
8,9,0.5156078159807086,0.3870513050667787,0.09734087895251255
9,10,0.5064331825255559,0.49166143180703387,0.0019053856674096778
10,11,0.49680126893642423,0.4919303036546825,0.011268427408893385
11,12,0.025766030294172723,0.4958975228815707,0.4783364468242572
12,13,0.005021955702221659,0.500884723689524,0.4940933206082546
13,14,0.29319327837138653,0.3265553429096415,0.38025137871897213
14,15,0.4729334326688171,0.5048069079674808,0.022259659363702135
15,16,0.47580891226903355,0.47294824603510316,0.051242841695863336
16,17,0.42843162603809193,0.4335412852260512,0.13802708873585712
17,18,0.4984270987504177,0.5010307942991226,0.0005421069504598522
18,19,0.1867452031702661,0.27411884057794406,0.5391359562517901
19,20,0.4800066846834295,0.5114818971993342,0.008511418117236198
20,21,0.1710580960590042,0.5818039465133735,0.24713795742762165
21,22,0.544134138811382,0.32687617677572245,0.1289896844128957
22,23,0.42748230745409876,0.2588102535684783,0.3137074389774227
23,24,0.496123595950631,0.32768702074427786,0.17618938330509154
24,25,0.225448532449337,0.18748342318306266,0.5870680443676003
25,26,0.45187613668538634,0.48501626519829566,0.06310759811631783
26,27,0.39005566663918645,0.5276110185225552,0.082333314838258
27,28,0.015414312501535537,0.4532719402157311,0.531313747282734
28,29,0.4758728760892585,0.48483705291530416,0.03929007099543746
29,30,0.32086205911845317,0.41455652637965823,0.2645814145018885
30,31,0.48389450683060736,0.043205226967057156,0.4729002662023351
31,32,0.3988416776752132,0.4146543473234365,0.18650397500135033
32,33,0.4610971607355194,0.2349469895617361,0.3039558497027451
33,34,0.49143704611331596,0.023178789287257466,0.4853841645994261
34,35,0.2174861630463983,0.16236609649847356,0.6201477404551284
35,36,0.4911872067638275,0.4734741305233485,0.03533866271282473
36,37,0.4748888486697198,0.4852381949444174,0.03987295638586227
37,38,0.45933988219567246,0.5089417639282561,0.03171835387607163
38,39,0.4881407070117807,0.4762124686023922,0.035646824385827044
39,40,0.2940429061334634,0.3427114441116093,0.3632456497549275
40,41,0.4829790542493539,0.47755076065346874,0.03947018509717711
41,42,0.4171758030446455,0.37952905124432035,0.20329514571103433
42,43,0.49255779865601773,0.41841605827030365,0.0890261430736785
43,44,0.38654940672070787,0.26417212188882955,0.34927847139046253
44,45,0.00644435817695709,0.4975956956599095,0.49595994616313427
45,46,0.49717671714839917,0.46633986275784367,0.03648342009375724
46,47,0.3259984602770498,0.5743749837607633,0.09962655596218782
47,48,0.20486268822922526,0.5391513925110148,0.2559859192597596
48,49,0.1932321653711081,0.5756502840329691,0.2311175505959227
49,50,0.3757175236280888,0.44948266907761625,0.17479980729429506
50,51,0.09484876689144021,0.4785049057727012,0.4266463273358581
51,52,0.4029401716422986,0.3546372885190053,0.24242253983869574
52,53,0.499206523909953,0.5005944118790702,0.00019906421097705236
53,54,0.48329649886889103,0.5062458840366998,0.010457617094409141
54,55,0.5116783575550169,0.4743482654916477,0.013973376953335084
55,56,0.4167849780890496,0.42055182850770706,0.1626631934032441
56,57,0.44298638342906704,0.4266669046928016,0.13034671187813102
57,58,0.45913854306582713,0.5124862354171632,0.02837522151700942
58,59,0.24902091858776199,0.5654401651237698,0.18553891628846844
59,60,0.4769908677750699,0.4410090353893436,0.08200009683558632
60,61,0.3784190462642079,0.4404522936936948,0.18112866004209763
61,62,0.49264852316238195,0.4990216785067791,0.008329798330838927
62,63,0.40436511454649327,0.4658900535601218,0.12974483189338507
63,64,0.4302481844438023,0.3280468250619608,0.24170499049423735
64,65,0.4571450612736056,0.06673644065345659,0.47611849807293743
65,66,0.3270222770049736,0.3563095663300872,0.3166681566649394
66,67,0.31716789096839126,0.34448031847473687,0.3383517905568718
67,68,0.3197135858341147,0.3404974700818563,0.33978894408402877
68,69,0.29954624574513533,0.33767796605774597,0.3627757881971195
69,70,0.3395205256626178,0.3349888182302087,0.3254906561071737
70,71,0.34508014121654745,0.35677712840301024,0.29814273038044226
71,72,0.39190958789711405,0.40896987510888355,0.19912053699400242
72,73,0.46027102349212984,0.4688160516758071,0.07091292483206234
73,74,0.40563452013484264,0.37743300640496963,0.21693247346018757
74,75,0.3604212096641701,0.33113863036077307,0.30844015997505697
75,76,0.4278201688190882,0.13946749615320647,0.43271233502770473
76,77,0.43005797835289955,0.164513988030532,0.40542803361656843
77,78,0.3784841097842151,0.3219751012926372,0.2995407889231474
78,79,0.42442333880075167,0.44124130427110997,0.1343353569281385
79,80,0.46313994902693456,0.46952839912407474,0.06733165184899029
80,81,0.3838996863196789,0.39057204257947586,0.22552827110084422
81,82,0.47674563997871156,0.46200149748785857,0.061252862533430194
82,83,0.45851126403273423,0.46855644053848383,0.0729322954287818
83,84,0.39033902780316493,0.41447924353749754,0.19518172865933736
84,85,0.4708167149147792,0.4874405353098825,0.04174274977533812
85,86,0.2888603639368658,0.5102059991985883,0.20093363686454502
86,87,0.29860993559723903,0.36401547647409205,0.33737458792866903
87,88,0.3498220596454467,0.3444591971141972,0.30571874324035647
88,89,0.3577876314892551,0.3557998331653551,0.28641253534538985
89,90,0.3664356301440351,0.3926668581446422,0.24089751171132262
90,91,0.35827240010301675,0.368949639653158,0.27277796024382495
91,92,0.3444556661761833,0.3369901393885596,0.31855419443525734
92,93,0.3736603445649894,0.34749520864897243,0.27884444678603804
93,94,0.42380624871837075,0.5395346416655681,0.03665910961606119
94,95,0.31953008321072096,0.31527750534746024,0.36519241144181896
95,96,0.32431222367706675,0.3295296087390568,0.3461581675838773
96,97,0.33662033710612205,0.3409276914678201,0.3224519714260588
97,98,0.31961787821485615,0.4444219908708575,0.23596013091428658
98,99,0.2450678785502295,0.23382295379979817,0.5211091676499724
99,100,0.35323487302164525,0.41754032860476165,0.22922479837359322
100,101,0.40207784550342834,0.3767153001511707,0.2212068543454009
101,102,0.23994990724909943,0.3561540063083478,0.4038960864425531
102,103,0.3305911146084975,0.35292565267181975,0.316483232719683
103,104,0.36024280518074264,0.3571049322316031,0.28265226258765425
104,105,0.36524479669330084,0.36522229997508227,0.2695329033316179
105,106,0.3693032917963739,0.36928252000434225,0.2614141881992834
106,107,0.012183675230920645,0.5506761535677923,0.43714017120128684
107,108,0.25874158161338706,0.5423560097318568,0.1989024086547561
108,109,0.06588986958100239,0.43688305378543096,0.4972270766335666
109,110,2.9801347221843815e-05,0.4982969429440437,0.5016732557087341
110,111,0.3608256185799281,0.2603191106814609,0.37885527073861025
111,112,0.43099703428789965,0.39760516258821355,0.17139780312388642
112,113,0.34314149982963027,0.40694193062429473,0.2499165695460746
113,114,0.45485696558761135,0.3672613903147531,0.17788164409763532
114,115,0.3628647720497317,0.3427899985335256,0.2943452294167426
115,116,0.35777262484814587,0.3578620494708879,0.28436532568096623
116,117,0.3593143053526033,0.3507153156238692,0.2899703790235275
117,118,0.4103337313156954,0.24063334775363848,0.3490329209306659
118,119,0.5524931371820858,0.42809965358427665,0.01940720923363685
119,120,0.4981186570569427,0.49741080986623415,0.004470533076823452
120,121,0.24525463386996238,0.5642809554875621,0.19046441064247513
121,122,0.3205361882464947,0.36271268418485425,0.3167511275686506
122,123,0.39161056016707924,0.34512373927919715,0.2632657005537236
123,124,0.3362329440384573,0.5751853186047675,0.08858173735677512
124,125,0.19570479438092944,0.39176949529294386,0.41252571032612684
125,126,0.04856928016531486,0.46188692419458943,0.48954379564009676
126,127,0.4699520757810554,0.44438320629577505,0.08566471792317017
127,128,0.23879595967835293,0.5042793880745206,0.25692465224712685
128,129,0.5019643441530867,0.4203160560049873,0.07771959984192582
129,130,0.45827197131039277,0.024171223560319276,0.5175568051292883
130,131,0.41537743833690477,0.3249409130203715,0.2596816486427241
131,132,0.5323632201939875,0.4524843447958689,0.015152435010143801
132,133,0.5207828991589961,0.0017338781605277707,0.47748322268047577
133,134,0.3954130097887182,0.31659494719600895,0.2879920430152726
134,135,0.532204288178693,0.13779901147207815,0.3299967003492286
135,136,0.2919046180655663,0.2679056696856804,0.4401897122487529
136,137,0.4547464054387631,0.4808755309592492,0.06437806360198794
137,138,0.5008611959030388,0.49802274720833656,0.0011160568886247405
138,139,0.4216654451401281,0.45701957043064445,0.12131498442922771
139,140,0.48456105738344213,0.4769360553042605,0.038502887312297444
140,141,0.014191958391546201,0.4918045846716184,0.49400345693683595
141,142,0.00035633074065819447,0.5013072791395919,0.4983363901197497
142,143,0.45429959770764516,0.5024255024199407,0.04327489987241393
143,144,0.5401912395170366,0.4032177173930146,0.05659104308994925
144,145,0.5087426110538208,0.018678702273209336,0.4725786866729699
145,146,0.48668139288954226,0.12203003584802444,0.391288571262433
146,147,0.1763838132483466,0.3876123405000461,0.43600384625160715
147,148,0.35410203526058415,0.27285038037504306,0.3730475843643729
148,149,0.46073873951272126,0.47651586985904215,0.06274539062823604
149,150,0.4733946990809416,0.4846291341349401,0.041976166784118675
150,151,0.44180610455041885,0.4696725559719452,0.08852133947763643
151,152,0.5183812064684186,0.4683247412181242,0.013294052313456987
152,153,0.3300400285435241,0.3936646251851942,0.27629534627128083
153,154,0.03671021802111866,0.48172801055080505,0.48156177142807643
154,155,0.24980029551300814,0.3207574419524574,0.42944226253453355
155,156,0.0779414859801947,0.38576699787350777,0.5362915161462977
156,157,0.36786135340674286,0.4912718750630203,0.1408667715302366
157,158,0.39792208760452624,0.34615732722528064,0.25592058517019334
158,159,0.3649914826987583,0.34601237789023165,0.2889961394110099
159,160,0.3632049372491539,0.3482936606009127,0.2885014021499334
160,161,0.4863680726771359,0.5027648584802099,0.010867068842653869
161,162,0.3985734616119572,0.45501637369675296,0.14641016469129015
162,163,0.5076843731397873,0.4862165710084108,0.006099055851802161
163,164,0.07387650202004939,0.4796559662175764,0.4464675317623742
164,165,0.25713498177350586,0.4014478847463214,0.3414171334801722
165,166,0.5183646148482924,0.4344302912606569,0.04720509389105082
166,167,0.4082990369984607,0.4966957448929609,0.095005218108579
167,168,0.0015177314788031627,0.5109836522021682,0.48749861631902874
168,169,0.338050924522891,0.4005842118622602,0.26136486361484823
169,170,0.38055595085332866,0.4233315680934596,0.19611248105321163
170,171,0.38008451558819084,0.4024797545702964,0.21743572984151288
171,172,0.47053908623317936,0.507838292409848,0.021622621356972235
172,173,0.4905816633776336,0.40780183816577015,0.10161649845659669
173,174,0.4770416069715602,0.49399964013014364,0.028958752898295775
174,175,0.47711085424401034,0.48023728640097885,0.04265185935501091
175,176,0.46697984857270974,0.4618753442868764,0.07114480714041449
176,177,0.5068156969288807,0.38360367773006165,0.10958062534105725
177,178,0.31850166098570865,0.4000667857328563,0.2814315532814352
178,179,0.58050792686751,0.26386062430633916,0.15563144882615143
179,180,0.15109643449135973,0.3565617451507641,0.49234182035787616
180,181,0.1604336780121033,0.43216905318809745,0.40739726879979943
181,182,0.482393066888673,0.1343302944464726,0.38327663866485406
182,183,0.11494359456698826,0.4253030836043711,0.45975332182863976
183,184,0.3269969767418878,0.34118899059259955,0.33181403266551235
184,185,0.5031110733902772,0.4954350364406768,0.0014538901690459667
185,186,0.5100536555838914,0.12128749126971135,0.368658853146397
186,187,0.47857032880098677,0.016700049772484973,0.5047296214265283
187,188,0.39124306176362067,0.08684358335601894,0.5219133548803603
188,189,0.5651259763195632,0.3029583993918808,0.1319156242885556
189,190,0.16986052958735492,0.3912955627825518,0.43884390763009373
190,191,0.6090366103432395,0.1033310540180351,0.28763233563872537
191,192,0.40460000720822475,0.33478225932462236,0.2606177334671527
192,193,0.4048527902924611,0.49371526600481375,0.10143194370272474
193,194,0.4606666496572477,0.5210344768802512,0.01829887346250111
194,195,0.4567836003910474,0.4516280766747891,0.09158832293416383
195,196,0.4776859472157017,0.5044955427193846,0.017818510064913768
196,197,0.21560919369543285,0.4559029084105145,0.3284878978940521
197,198,0.4490836892416928,0.1009269251513652,0.44998938560694274
198,199,0.38833961348795665,0.08376286708151572,0.5278975194305277
199,200,0.5924181088974948,0.094375205550158,0.3132066855523475
200,201,0.41469014194834825,0.3873494165312757,0.1979604415203759
201,202,0.4914699428733384,0.16683114154895556,0.3416989155777058
