,Window_Index,Loading_Temperature_Prop,Loading_force_Prop,Loading_Voltage_Prop
0,1,0.4884698083913052,0.4521246026975903,0.05940558891110448
1,2,0.4950005565952489,0.29220907415040714,0.21279036925434444
2,3,0.4982857049469181,0.45104617197690106,0.05066812307618106
3,4,0.019823858983848,0.5606913693709776,0.4194847716451742
4,5,0.47846980745993783,0.44940179614586206,0.07212839639420052
5,6,0.2738347887908301,0.46515808782782103,0.26100712338134896
6,7,0.03973251706598646,0.43311463542733897,0.5271528475066748
7,8,0.5010392000339186,0.46437248747725507,0.03458831248882649
8,9,0.27568287536876085,0.43625855714159617,0.2880585674896432
9,10,0.4883422712673418,0.47007513781776683,0.04158259091489155
10,11,0.29415310032885733,0.5728338399043289,0.1330130597668141
11,12,0.50448888200941,0.4794536238468704,0.016057494143719053
12,13,0.2094602324995209,0.5064199464965048,0.28411982100397437
13,14,0.14015570365816085,0.5007999033171091,0.35904439302472996
14,15,0.46908960251374043,0.5165858677072125,0.014324529779047171
15,16,0.4171310594096179,0.48030491300533756,0.10256402758504465
16,17,0.49786781287028914,0.4657009269948191,0.0364312601348919
17,18,0.42481342506572695,0.3761011993749434,0.1990853755593296
18,19,0.5143797263918813,0.45372415952408995,0.03189611408402837
19,20,0.43200564997241464,0.2148855034355783,0.3531088465920068
20,21,0.4677521075678325,0.3896840317274288,0.14256386070473884
21,22,0.5023722702809953,0.4805227433994621,0.01710498631954288
22,23,0.4661676844892268,0.3255194469883085,0.20831286852246458
23,24,0.5010680809012137,0.49852798347238364,0.0004039356264032824
24,25,0.11028792538940502,0.36381744460554083,0.5258946300050534
25,26,0.4993278688337287,0.4995380077877445,0.0011341233785265744
26,27,0.5029172141578542,0.4934891948812376,0.003593590960908387
27,28,0.1855754161224258,0.25576232260650655,0.5586622612710672
28,29,0.3861758394772543,0.04675133996061715,0.5670728205621287
29,30,0.5624431439153345,0.3792994867376936,0.05825736934697269
30,31,0.0158678137382805,0.5358420962496298,0.4482900900120902
31,32,0.5322493906552027,0.4303495115463685,0.037401097798428776
32,33,0.4996696436992264,0.46046720439395544,0.03986315190681808
33,34,0.4074394313461789,0.5234863091408375,0.0690742595129838
34,35,0.49268812211079144,0.4930427237065509,0.014269154182657241
35,36,0.4965530257194194,0.4081310174315961,0.09531595684898425
36,37,0.1935386983709381,0.3365001037010117,0.46996119792805013
37,38,0.2779701341155605,0.4158550445143232,0.3061748213701159
38,39,0.4236657069053456,0.34793928224122017,0.228395010853434
39,40,0.3662492310999696,0.20349056332688376,0.4302602055731461
40,41,0.18806098317556033,0.5396968587283842,0.27224215809605595
41,42,0.2783900186365431,0.4050823453026454,0.3165276360608115
42,43,0.38411672177825307,0.3881728440992951,0.22771043412245134
43,44,0.46339294330901143,0.4670755896867343,0.06953146700425426
44,45,0.021837282365631466,0.533578175735277,0.44458454189909113
45,46,0.4999762654591251,0.5000224444344245,1.2901064500902508e-06
46,47,0.47857798364664966,0.4736851475174153,0.047736868835935725
47,48,0.4790442751610446,0.45799689828423684,0.0629588265547187
48,49,0.4654007333816936,0.45737046003685616,0.07722880658145026
49,50,0.34209334127162455,0.39743853286756026,0.26046812586081525
50,51,0.39887809295883697,0.5500406475815142,0.0510812594596488
51,52,0.5025405620580956,0.4971607354646717,0.0002987024772325998
52,53,0.5000329576567247,0.49996418452277225,2.8578205029433237e-06
53,54,0.3937681773041411,0.5722544920699087,0.03397733062595011
54,55,0.4406415320566463,0.46657732191400336,0.09278114602935056
55,56,0.4800106811334186,0.5028297044649102,0.01715961440167132
56,57,0.5021206458870379,0.49554544098990927,0.002333913123053276
57,58,0.48814715978302986,0.4937413379863334,0.018111502230637358
58,59,0.48741910921702436,0.5022333719785208,0.010347518804454772
59,60,0.5000753174584155,0.4998408033055875,8.387923599677585e-05
60,61,0.4841454486982769,0.5067622082042669,0.009092343097456058
61,62,0.1658118054435054,0.503838577535893,0.3303496170206023
62,63,0.43915410321251613,0.5050407489725577,0.05580514781492638
63,64,0.5002888570800557,0.4861836502309113,0.013527492689032621
64,65,0.5000980234432965,0.49725564251354293,0.0026463340431603995
65,66,0.3952254967156435,0.32014950449566315,0.28462499878869363
66,67,0.3989282005358994,0.2025752780626911,0.39849652140140956
67,68,0.3334964194258732,0.34039162913140397,0.32611195144272304
68,69,0.3240656935572682,0.3437663643730795,0.3321679420696528
69,70,0.3127125927500658,0.34737904531430275,0.3399083619356311
70,71,0.3373274020042368,0.3385917786541745,0.3240808193415892
71,72,0.3477710177292209,0.34365576867441766,0.30857321359636175
72,73,0.34395611357875433,0.34517099538139345,0.3108728910398522
73,74,0.34404301324495545,0.34551985112383005,0.31043713563121406
74,75,0.34688487746468927,0.3453146013349693,0.3078005212003416
75,76,0.35843731006174473,0.3469163669682267,0.2946463229700284
76,77,0.3927002579034939,0.38666261535783447,0.22063712673867106
77,78,0.4561187057192607,0.4539217859745785,0.08995950830616083
78,79,0.46537557790927453,0.47768106348073613,0.05694335860998973
79,80,0.3938397776863281,0.41707625841766865,0.18908396389600257
80,81,0.34538102626253697,0.46944199064672487,0.1851769830907384
81,82,0.4365236170478141,0.4696284515223012,0.09384793142988483
82,83,0.13691630542152783,0.42145054835683105,0.4416331462216418
83,84,0.4557311728839697,0.44591812370317807,0.09835070341285197
84,85,0.49713115480203734,0.5002118339733324,0.0026570112246302336
85,86,0.33334059664706317,0.47019633222403245,0.1964630711289043
86,87,0.081838012146366,0.4749472516476756,0.4432147362059588
87,88,0.5049993909643841,0.49300326603647365,0.0019973429991424914
88,89,0.5026669595739353,0.48647095990325373,0.010862080522811027
89,90,0.49016081964555724,0.39477344670715353,0.11506573364728903
90,91,0.4906676468598508,0.496943307252236,0.012389045887913622
91,92,0.48575179450340034,0.47670029525507235,0.03754791024152742
92,93,0.23278269977775645,0.43532210161853035,0.3318951986037135
93,94,0.4691960305145698,0.5167132173253521,0.014090752160078173
94,95,0.38364436121545115,0.4938903567617047,0.12246528202284411
95,96,0.43696694526186336,0.4291358062222376,0.13389724851589893
96,97,0.49591739723190126,0.49977809985260413,0.004304502915494533
97,98,0.3857491569166211,0.4335425265012935,0.1807083165820853
98,99,0.5562641358648494,0.3796360653891474,0.0640997987460035
99,100,0.4853213246545637,0.5026585955571828,0.012020079788253639
100,101,0.31778433910011883,0.49417793124588016,0.18803772965400162
101,102,0.5493160299066171,0.07994312178038354,0.37074084831299936
102,103,0.4301388107106622,0.40924299289865124,0.16061819639068659
103,104,0.49445060357568804,0.4828454031456179,0.022703993278693775
104,105,0.49184813663343585,0.4908147958333174,0.0173370675332465
105,106,0.479746525827554,0.4720806152282026,0.048172858944243106
106,107,0.4897360472638212,0.4905320999894961,0.019731852746682394
107,108,0.5001498899445861,0.4997935444067846,5.656564862948525e-05
108,109,0.3864211595814399,0.49143272533722315,0.12214611508133698
109,110,0.4895303462029564,0.477384371628049,0.03308528216899438
110,111,0.5122681042522305,0.48315343735235033,0.004578458395419261
111,112,0.345864287455597,0.4300096499013696,0.224126062643033
112,113,0.4110033405490493,0.35756338704376234,0.23143327240718875
113,114,0.43402458868351046,0.405174736879593,0.1608006744368969
114,115,0.40087911103817214,0.3368406487857465,0.2622802401760809
115,116,0.49616446425889876,0.5014828955603423,0.002352640180758538
116,117,0.04594875126086126,0.5001232418776393,0.45392800686149926
117,118,0.24828248881742193,0.4843877477678755,0.2673297634147028
118,119,0.02430024385191501,0.5081586873131921,0.4675410688348929
119,120,0.2008123094585233,0.3327726011304526,0.466415089411024
120,121,0.4943718424740462,0.4895933624790569,0.016034795046896894
121,122,0.4973108157349688,0.4988191687266316,0.003870015538399801
122,123,0.4110354227571451,0.460310265288226,0.128654311954629
123,124,0.022768251853529556,0.49253895174977164,0.48469279639669927
124,125,0.4260609597145524,0.2680301140286832,0.30590892625676475
125,126,0.5233952482163543,0.2682799463414261,0.20832480544221996
126,127,0.47713030960736874,0.4872991992406741,0.035570491151957595
127,128,0.43340653545445545,0.48544666781746965,0.08114679672807482
128,129,0.05192372645025748,0.47865810527484864,0.46941816827489463
129,130,0.2961060782389439,0.3841649180871343,0.3197290036739216
130,131,0.3094648116484932,0.39493634658886406,0.29559884176264284
131,132,0.49178512476946673,0.48378807974289856,0.02442679548763429
132,133,0.5020508986148381,0.494218199525471,0.0037309018596901203
133,134,0.49978804427920137,0.4962619747581357,0.0039499809626629976
134,135,0.4992456854491418,0.490229304344979,0.010525010205878952
135,136,0.4805039769561652,0.46356963453022676,0.055926388513607976
136,137,0.42060361323188084,0.2469089987587014,0.332487388009418
137,138,0.4985840806247142,0.0024659425275342746,0.4989499768477514
138,139,0.5156925846450676,0.006214266264024068,0.4780931490909081
139,140,0.5091926896444972,0.47216782835182036,0.018639482003682876
140,141,0.4938808204145729,0.43499424762620925,0.07112493195921771
141,142,0.45417365937479215,0.4515717898700722,0.09425455075513599
142,143,0.5069410037294209,0.25634077697732727,0.23671821929325182
143,144,0.4843417505567104,0.5005786032215715,0.015079646221717188
144,145,0.3823064982010802,0.36238454214598387,0.25530895965293604
145,146,0.3578331698748955,0.35769789390406714,0.28446893622103725
146,147,0.3839024999349061,0.37222128239020236,0.2438762176748919
147,148,0.44648639326424383,0.45545366039450313,0.09805994634125252
148,149,0.4928945298000766,0.49844632186070137,0.008659148339222763
149,150,0.4595672093052303,0.46555129078102186,0.07488149991374778
150,151,0.4676353994373417,0.4666108636438797,0.0657537369187787
151,152,0.48921212141810116,0.430098161928035,0.08068971665386414
152,153,0.4639168298313625,0.5144077254062305,0.021675444762406616
153,154,0.33855911830670454,0.37991564212174245,0.28152523957155356
154,155,0.5063747494076294,0.4916384230893778,0.0019868275029924433
155,156,0.4931928460654111,0.20868510171723811,0.29812205221735055
156,157,0.46322630444028345,0.3368719337737971,0.19990176178592023
157,158,0.5008933240566309,0.4889692199671757,0.010137455976193291
158,159,0.4230108439094572,0.464995759960399,0.11199339613014392
159,160,0.2406801962204225,0.45018023656052675,0.3091395672190504
160,161,0.6071131214598493,0.23593272368276838,0.1569541548573824
161,162,0.03883479193250951,0.40613804199094816,0.5550271660765423
162,163,0.33422185703819557,0.3985815224384586,0.2671966205233457
163,164,0.21112460847813258,0.36807130723177767,0.4208040842900898
164,165,0.48886369910539773,0.4237930829002664,0.0873432179943355
165,166,0.4921900034248508,0.49888149632126094,0.008928500253888059
166,167,0.5079086245286142,0.23290999209119495,0.2591813833801911
167,168,0.3705402643247269,0.3821974873667521,0.24726224830852134
168,169,0.41538062132436937,0.5115455944555294,0.07307378422010181
169,170,0.28047158494104907,0.34680855292881346,0.37271986213013786
170,171,0.36951502881534065,0.4617162422170239,0.16876872896763506
171,172,0.47499708284239905,0.36057166479769126,0.16443125235990919
172,173,0.4301681787983469,0.17636871961587666,0.39346310158577646
173,174,0.42536097370286285,0.08925344044172998,0.4853855858554072
174,175,0.28565648483074224,0.45179095613105474,0.2625525590382031
175,176,0.5001005714308213,0.499895904316838,3.5242523409368318e-06
176,177,0.44654691204698715,0.4241998435114203,0.12925324444159247
177,178,0.5072000606430932,0.346370638075932,0.14642930128097437
178,179,0.4040152598421647,0.2175888034021467,0.37839593675568794
179,180,0.32304350830045764,0.5213044407147411,0.1556520509848013
180,181,0.4421290071984006,0.4877141618337278,0.07015683096787177
181,182,0.462141470084447,0.2090268182972917,0.32883171161826147
182,183,0.4281045597413076,0.2542605668598226,0.31763487339887025
183,184,0.16027971013348613,0.3353348380476226,0.5043854518188912
184,185,0.5319022876690774,0.015274102380019099,0.45282360995090326
185,186,0.4453637016482548,0.10544370860980236,0.44919258974194215
186,187,0.5047725025140462,0.0230690891255399,0.4721584083604137
187,188,0.5222961936110243,0.27781033648349485,0.19989346990548118
188,189,0.6022495611180775,0.07661728340892017,0.32113315547300286
189,190,0.22532293882603324,0.42855618404468515,0.34612087712928147
190,191,0.4622255511075596,0.465155594646449,0.07261885424599111
191,192,0.03802058674503665,0.37948007453659693,0.5824993387183662
192,193,0.4298291885491237,0.4271991033645483,0.14297170808632792
193,194,0.44562775401004434,0.48901081090314763,0.06536143508680801
194,195,0.4996394230858562,0.499746925873379,0.0006136510407644379
