,Window_Index,Loading_Temperature_Prop,Loading_force_Prop,Loading_Voltage_Prop
0,1,0.28797390037606596,0.46958862249146816,0.2424374771324661
1,2,0.10537681294584962,0.4243772656952202,0.4702459213589299
2,3,0.375166515510905,0.5022467638548331,0.12258672063426157
3,4,0.42484543459575,0.466986296655439,0.10816826874881033
4,5,0.509679773861589,0.4812884155788477,0.009031810559563378
5,6,0.483834629825624,0.5023160759415868,0.013849294232788686
6,7,0.2064044239687811,0.41428720815131836,0.3793083678799003
7,8,0.46165762323410725,0.4776752782420799,0.06066709852381267
8,9,0.4703833414269535,0.3445984814949756,0.18501817707807058
9,10,0.4923436905534531,0.4958860802532145,0.011770229193333244
10,11,0.38291540567609944,0.12254312907134983,0.4945414652525503
11,12,0.48894154172040805,0.4931715121094597,0.017886946170131646
12,13,0.4095031195978485,0.44925243159822553,0.14124444880392573
13,14,0.526446874660442,0.41140926364550684,0.062143861694050596
14,15,0.5446406569030956,0.021777679071010775,0.43358166402589354
15,16,0.49741184946110006,0.49699379258994614,0.0055943579489541135
16,17,0.4993079176278911,0.4997385860690448,0.0009534963030646944
17,18,0.42006764065333574,0.47185814862777625,0.1080742107188876
18,19,0.5000100428858535,0.49998972151403687,2.3560010981163898e-07
19,20,0.4828080596412773,0.4775504364318376,0.03964150392688482
20,21,0.4940882532136821,0.4869842463378761,0.018927500448441742
21,22,0.4577405839023447,0.46984335499541824,0.07241606110223711
22,23,0.49555259307351673,0.49212878765050744,0.012318619275975804
23,24,0.3616150170470914,0.279233834876298,0.3591511480766106
24,25,0.47379588562901337,0.4827098340172721,0.043494280353715005
25,26,0.4545954456168802,0.4693915743729026,0.0760129800102169
26,27,0.3499385814463925,0.3350708463993319,0.31499057215427617
27,28,0.4577401078993665,0.45684072211063226,0.08541916999000142
28,29,0.4903583359269685,0.49905929938483395,0.01058236468819743
29,30,0.34974359998700255,0.4869559710883412,0.16330042892465574
30,31,0.4822972501563001,0.49871547406405176,0.01898727577964828
31,32,0.33033981181638683,0.38564888683687654,0.28401130134673686
32,33,0.5050649322145783,0.3933656983241371,0.101569369461285
33,34,0.4987255040287381,0.45584325828396177,0.04543123768730051
34,35,0.40485348599200505,0.43259173683563557,0.16255477717235878
35,36,0.5038231155951869,0.4958314938217377,0.0003453905830754649
36,37,0.49852792591539696,0.49981013814646097,0.001661935938142069
37,38,0.4742805936802839,0.5116976698262378,0.014021736493478137
38,39,0.48969525845181333,0.5013541534921204,0.00895058805606615
39,40,0.12980677295338838,0.5567193788220103,0.313473848224601
40,41,0.4629432362866536,0.4564342283617523,0.08062253535159383
41,42,0.15740181261507186,0.44490771585849104,0.3976904715264374
42,43,0.485435118135112,0.4925100463487819,0.022054835516106545
43,44,0.08184664382456429,0.40776303717130546,0.5103903190041306
44,45,0.49946235195408506,0.482194555949609,0.018343092096305847
45,46,0.47479539342113236,0.4656163179552894,0.05958828862357769
46,47,0.2837554933484097,0.4146487338269816,0.30159577282460825
47,48,0.5033141936240861,0.49167123618977554,0.005014570186138341
48,49,0.49556390811600404,0.48999559282135496,0.014440499062641513
49,50,0.3200815373942745,0.34545879525427625,0.33445966735144916
50,51,0.3306069948130912,0.3464353993754741,0.32295760581143446
51,52,0.35338938276895876,0.3759784293643302,0.27063218786671106
52,53,0.07949313779415478,0.450065586879623,0.4704412753262223
53,54,0.3196166748670866,0.3577980686498711,0.32258525648304254
54,55,0.3366006409235947,0.3287082407437162,0.33469111833268933
55,56,0.3410144178772761,0.2645934715201067,0.3943921106026172
56,57,0.5048264495255969,0.05669356690093132,0.4384799835734721
57,58,0.4361987824228756,0.19641535288550024,0.36738586469162454
58,59,0.4619085456550297,0.16461974242824126,0.3734717119167289
59,60,0.3651504526778326,0.30891700378189735,0.32593254354027
60,61,0.3548681479639255,0.310931907777783,0.33419994425829175
61,62,0.36068145413496244,0.32868590119234226,0.31063264467269525
62,63,0.37438677324414205,0.318499577534294,0.3071136492215642
63,64,0.4239242139977218,0.2466147068088324,0.3294610791934466
64,65,0.43108887355462877,0.2571763053671221,0.3117348210782489
65,66,0.4540338102928844,0.4188403805152605,0.1271258091918552
66,67,0.4118986975926028,0.42666529418275956,0.1614360082246376
67,68,0.36434824569114044,0.2734781501503124,0.36217360415854677
68,69,0.4922088245248519,0.4823843590358448,0.025406816439303304
69,70,0.5055587210450736,0.1935705553539886,0.3008707236009381
70,71,0.23946716900313123,0.4464912236366528,0.3140416073602161
71,72,0.3227695818126894,0.3210654258635657,0.3561649923237452
72,73,0.5129040842357236,0.04186615567924201,0.4452297600850343
73,74,0.4458445378000029,0.4859327924715304,0.06822266972846606
74,75,0.4982860609617689,0.017395884650920245,0.484318054387311
75,76,0.36669677648954646,0.23573220149422924,0.39757102201622385
76,77,0.04510640168491563,0.4600848207795664,0.494808777535519
77,78,0.326463332195524,0.3598173633174328,0.31371930448704294
78,79,0.39194709813883977,0.33385513432117775,0.27419776753998226
79,80,0.4322322027395948,0.37642448453829846,0.19134331272210653
80,81,0.2803389841104017,0.3383029472168841,0.38135806867271427
81,82,0.40379666672838954,0.30491766949331445,0.2912856637782964
82,83,0.40382220433380384,0.32761891639101315,0.26855887927518335
83,84,0.4462004919763101,0.3388991785094262,0.21490032951426366
84,85,0.4320291932030159,0.14941325587720528,0.4185575509197792
85,86,0.19547944230868303,0.5271281816146192,0.2773923760766978
86,87,0.3735892180344956,0.18966329251688882,0.4367474894486158
87,88,0.37417466535597105,0.16653368565901688,0.4592916489850114
88,89,0.3860987627782213,0.29772256294965826,0.3161786742721204
89,90,0.44292280207661866,0.24512304413884875,0.3119541537845329
90,91,0.028824988475362117,0.49307857308039993,0.47809643844423794
91,92,0.3382829782246712,0.32454573675677423,0.3371712850185545
92,93,0.3477922404020645,0.3478206154633635,0.3043871441345718
93,94,0.5001150331470594,0.4993725539918797,0.0005124128610604332
94,95,0.49586416958191476,0.009740690191586986,0.4943951402264989
95,96,0.5002578959107864,0.0005671411415751456,0.4991749629476388
96,97,0.17828170152116257,0.5424074599666249,0.27931083851221244
97,98,0.4384015636541707,0.19138273007960638,0.37021570626622274
98,99,0.49814949291253774,0.1701429869465225,0.3317075201409397
99,100,0.4595174240039438,0.14411841089104097,0.3963641651050148
100,101,0.4091768527528483,0.2931057260032655,0.29771742124388667
101,102,0.11904630845167374,0.2923866391026404,0.5885670524456861
102,103,0.49356995790900243,0.1001852655377738,0.40624477655322355
103,104,0.40609085445822,0.34858858622317895,0.24532055931860064
104,105,0.4997787062139167,0.4795425043203939,0.020678789465689597
105,106,0.13758609388818527,0.6136760683295037,0.2487378377823112
106,107,0.33077988797188446,0.34048851817734094,0.32873159385077466
107,108,0.3553757566303495,0.31266822370174746,0.33195601966790317
108,109,0.4129523004528688,0.1973212314432241,0.3897264681039069
109,110,0.4477067927173349,0.12976560917499078,0.42252759810767376
110,111,0.3318491108182219,0.38242338266603115,0.2857275065157472
111,112,0.3926082811439748,0.23713152881987115,0.37026019003615346
112,113,0.41592840760961325,0.3774335208938981,0.20663807149648822
113,114,0.44814589530009985,0.47998707336761587,0.07186703133228398
114,115,0.5024637038016189,0.4554579642159775,0.04207833198240378
115,116,0.500551542888352,0.4993166681754007,0.0001317889362473131
116,117,0.3731675989500606,0.3263926283249065,0.30043977272503286
117,118,0.42967581489648715,0.17334978718026994,0.39697439792324285
118,119,0.4956927147357368,0.003574760790447995,0.5007325244738153
119,120,0.4812208569194896,0.0939951468134162,0.4247839962670938
120,121,0.5034600142413416,0.010749254947257219,0.48579073081140145
121,122,0.3446315887835205,0.15708293254133263,0.4982854786751463
122,123,0.3341804791943922,0.30327999758200624,0.3625395232236015
123,124,0.4965012742700045,0.502945510540952,0.0005532151890438998
124,125,0.3971098960768219,0.30044845468743236,0.3024416492357458
125,126,0.4597503929178969,0.240376842939004,0.29987276414309927
126,127,0.34327140872885303,0.2923749639048919,0.364353627366255
127,128,0.4783739999635817,0.04839601621588911,0.47322998382052917
128,129,0.4953257741853333,0.00402321467210261,0.5006510111425644
129,130,0.4960998817838207,0.0032642087584443254,0.5006359094577348
130,131,0.03352126384170968,0.43497827512982307,0.531500461028467
131,132,0.37086945275190775,0.19234682369613498,0.4367837235519566
132,133,0.34425748507457515,0.22645596514553407,0.42928654977989195
133,134,0.307308173204613,0.28384582300366795,0.4088460037917195
134,135,0.03971293602198169,0.4693396937216094,0.49094737025640883
135,136,0.056151606880473,0.34863321918467244,0.5952151739348551
136,137,0.3238786716200355,0.1261616499846269,0.5499596783953373
137,138,0.49926980239439434,0.005558830229258587,0.4951713673763467
138,139,0.29047684858445755,0.17304142197100175,0.5364817294445412
139,140,0.08205664872834847,0.41556453864185505,0.5023788126297964
140,141,0.03279446066732966,0.46834481874317724,0.49886072058949327
141,142,0.4379295684931485,0.1505522313099686,0.41151820019688284
142,143,0.46804957243806644,0.049008768733196845,0.4829416588287367
143,144,0.33197341143105974,0.21869786196286248,0.44932872660607787
144,145,0.36106167254529165,0.23501328486831594,0.40392504258639217
145,146,0.4724787693571501,0.21610950328551434,0.3114117273573352
146,147,0.41217356738057914,0.12270244215651896,0.4651239904629023
147,148,0.4777474445738703,0.011038292420974502,0.5112142630051555
148,149,0.4865547364119886,0.017224530551375634,0.4962207330366354
149,150,0.4380723075186075,0.11998983296903118,0.44193785951236053
150,151,0.4901831406573002,0.0342792390433177,0.47553762029938185
151,152,0.4770855975116347,0.045689213846688594,0.4772251886416763
152,153,0.43028486676091704,0.12271799083110432,0.44699714240797833
153,154,0.30790854658727956,0.26435066512412053,0.4277407882886
154,155,0.3173373713843146,0.2602553528305877,0.422407275785098
155,156,0.34317785258620576,0.24799987540426655,0.40882227200952775
156,157,0.4401232728371423,0.1071093188426697,0.4527674083201883
157,158,0.3766059378517688,0.2030272361550103,0.42036682599322056
158,159,0.35911681142747165,0.29707645623543044,0.34380673233709813
159,160,0.4917258492457673,0.010640204801700335,0.4976339459525322
160,161,0.46153739440957464,0.0519689243905874,0.4864936811998372
161,162,0.40982230810218145,0.1528753219246409,0.43730236997317723
162,163,0.44000286510706593,0.11330954753618352,0.44668758735675024
163,164,0.13404607340157643,0.5527282118509742,0.31322571474744904
164,165,0.1326231926653411,0.4762272000570726,0.3911496072775863
165,166,0.39950977163850515,0.4440452442838129,0.15644498407768165
166,167,0.3086121705851738,0.3106303172354687,0.38075751217935744
167,168,0.3530468911903365,0.29387910145073987,0.3530740073589239
168,169,0.4682426578707463,0.09957461605172177,0.4321827260775323
169,170,0.45116832496128056,0.13040980264614455,0.4184218723925745
170,171,0.40261631050758034,0.19439488994364976,0.4029887995487695
171,172,0.05378090136420285,0.5402468486671573,0.40597224996863984
172,173,0.3734493227759528,0.24969255461190654,0.3768581226121402
173,174,0.4315968508892627,0.12663045436946538,0.44177269474127184
174,175,0.3794979041394526,0.21302500195643187,0.4074770939041164
175,176,0.48605744876162527,0.05054505029981702,0.4633975009385586
176,177,0.42240621597575356,0.16070104404856,0.416892739975687
177,178,0.1384551671349419,0.44979437080778384,0.4117504620572742
178,179,0.31947232533787423,0.31938226476131226,0.36114540990081323
179,180,0.3875973472416993,0.23553133746998436,0.3768713152883165
180,181,0.5004015335718617,0.003758783645709657,0.4958396827824288
181,182,0.4973089526792485,0.004764675741039667,0.49792637157971165
182,183,0.4561514801768023,0.08456462823605475,0.45928389158714306
183,184,0.41628973166517813,0.16579772564700374,0.41791254268781786
184,185,0.49995591308700266,2.475331179083196e-06,0.5000416115818185
185,186,0.06534466647870645,0.5074169702339918,0.4272383632873019
186,187,0.38436163944569435,0.254187599270195,0.36145076128411047
187,188,0.4513557150812272,0.10767488801184008,0.44096939690693293
188,189,0.5005119386228388,0.001734556611769887,0.49775350476539104
189,190,0.49931023900123284,0.001540101219850274,0.49914965977891673
190,191,0.41615579947669196,0.16428482420757948,0.4195593763157284
191,192,0.34792400778755694,0.2733429224661891,0.3787330697462535
192,193,0.3671344201902097,0.2463117459083627,0.3865538339014286
193,194,0.4143461115553435,0.15922023847577796,0.4264336499688782
194,195,0.3980377130839391,0.17221239725376067,0.4297498896623002
195,196,0.41816355830443735,0.15324305199989666,0.4285933896956655
196,197,0.4089057621280221,0.18523185220947497,0.40586238566250255
197,198,0.42414688957979124,0.15084652290022474,0.4250065875199844
198,199,0.4914601552668215,0.019037188500615365,0.48950265623256306
199,200,0.41137732159546136,0.1886434566065171,0.39997922179802237
200,201,0.4013912763888899,0.20658497115788055,0.39202375245322935
201,202,0.46714874688771696,0.07631945158145038,0.4565318015308327
202,203,0.4263584508159696,0.15420643809859902,0.41943511108543136
203,204,0.3636127621250087,0.27491404117381596,0.36147319670117456
204,205,0.4139890253106737,0.18720720694166784,0.3988037677476585
205,206,0.4795052642631121,0.056702778884911244,0.46379195685197705
206,207,0.40929494855641724,0.1930325666479345,0.39767248479564765
207,208,0.38004108616874926,0.2514919557750563,0.3684669580561938
208,209,0.36799731119294316,0.2740924680251955,0.35791022078186113
209,210,0.41923168237589176,0.17070201042633262,0.4100663071977758
210,211,0.46008401386104697,0.07770442225190928,0.4622115638870444
211,212,0.4069512910156044,0.18297836061974349,0.4100703483646522
212,213,0.358061829900025,0.27894828653803905,0.3629898835619363
213,214,0.4022562793764224,0.20041338746279028,0.397330333160787
214,215,0.4744213244850422,0.05602233940344872,0.46955633611150965
215,216,0.4335870052061954,0.13258512997087726,0.4338278648229275
216,217,0.4208251532419741,0.1617616688975316,0.4174131778604945
217,218,0.49936043965772253,0.0021308988158859196,0.49850866152639234
218,219,0.4986047140828258,0.002548034500327413,0.4988472514168469
219,220,0.4913832133087059,0.019288687897662766,0.48932809879363165
220,221,0.48205167470852794,0.04237748092608724,0.4755708443653848
221,222,0.49890352668162924,0.0006986282188950348,0.5003978450994762
222,223,0.369184833382456,0.25918747391099073,0.371627692706553
223,224,0.36693693247814596,0.26600710300002,0.36705596452183387
224,225,0.38103630222284757,0.23561402102154233,0.38334967675561027
225,226,0.49397549730503415,0.016047557558250554,0.48997694513671564
226,227,0.4931297785399427,0.023897464394825683,0.48297275706523174
227,228,0.4237249759620258,0.16491418978035105,0.4113608342576226
228,229,0.3801684001103577,0.2412908033555619,0.37854079653408085
229,230,0.42785955655972646,0.14221172519932584,0.42992871824094725
230,231,0.38446583586467636,0.2181814509390584,0.39735271319626564
231,232,0.40015635280402445,0.1836778091165771,0.4161658380793986
232,233,0.4323903004098767,0.12718466604041356,0.4404250335497101
233,234,0.4895311686641141,0.01544090986365,0.4950279214722358
234,235,0.4722973725560604,0.045215061716109436,0.48248756572782986
235,236,0.4940316530714088,0.0020420422630655307,0.5039263046655261
236,237,0.32837650890661635,0.24584147245951696,0.4257820186338666
237,238,0.3244542960243497,0.2687595551213783,0.4067861488542716
238,239,0.4217980128110846,0.16187654877632834,0.41632543841258657
239,240,0.4879738866197789,0.04447356827589325,0.46755254510432753
240,241,0.49710795863026913,0.01467525141200774,0.48821678995772305
241,242,0.41955576553432394,0.13223923701752133,0.44820499744815495
242,243,0.3982840088206889,0.1921322902666593,0.4095837009126517
243,244,0.3752370824952706,0.23274678437458132,0.39201613313014777
244,245,0.4924870273172085,0.015532907106492251,0.4919800655762987
245,246,0.38646596033211894,0.2254974078120364,0.38803663185584425
246,247,0.4523487936717,0.08452926332330232,0.4631219430049978
247,248,0.4308118320882403,0.14435520436445173,0.42483296354730793
248,249,0.40298271366243843,0.19880329536747493,0.39821399097008753
249,250,0.4660181022883906,0.09813376666714857,0.4358481310444605
250,251,0.36545176005392926,0.23727486640221562,0.39727337354385556
251,252,0.34899858560746605,0.2973888407741304,0.3536125736184035
252,253,0.4422874012719716,0.13520843523903261,0.4225041634889955
253,254,0.49325287621755526,0.011907297264595959,0.4948398265178492
254,255,0.47427696321807816,0.04204960217839592,0.4836734346035258
255,256,0.4341563236908833,0.11786289141062481,0.4479807848984919
256,257,0.4027708977008774,0.19024113605445084,0.4069879662446722
257,258,0.3960568628741923,0.20142539901874928,0.40251773810705865
258,259,0.44492045864646634,0.12417421527485883,0.4309053260786745
259,260,0.47563831305894005,0.04701131433313192,0.4773503726079281
260,261,0.4904228154992386,0.018603208132168494,0.4909739763685933
261,262,0.49653684020638694,0.010279789598169829,0.49318337019544334
262,263,0.3870982315320214,0.22465000049917055,0.388251767968808
263,264,0.38095455153835917,0.23472081692284483,0.38432463153879565
264,265,0.4431030014135839,0.11944528955200398,0.4374517090344119
265,266,0.44476620851824067,0.11182191626593682,0.4434118752158223
266,267,0.48868618598189884,0.019548437891324457,0.49176537612677634
267,268,0.4993708535272575,0.0008991707832841818,0.49972997568945837
268,269,0.3963109279523059,0.20103420439809605,0.4026548676495982
269,270,0.36821796320171707,0.24837046025266865,0.3834115765456141
270,271,0.38083473285775826,0.2200005129875493,0.39916475415469227
271,272,0.3719246891189904,0.2322973910535227,0.39577791982748645
272,273,0.4681324256547305,0.05688061992327074,0.47498695442199884
273,274,0.4882115191070487,0.01944388912132265,0.4923445917716293
274,275,0.3834571480905355,0.22054640127752512,0.3959964506319395
275,276,0.3662556673596056,0.25445955708531454,0.3792847755550799
276,277,0.41073273488840994,0.18944019292910202,0.3998270721824879
277,278,0.40726879359699636,0.1952659094975084,0.39746529690549476
278,279,0.4088051927861115,0.19438455009985758,0.3968102571140306
279,280,0.49434982271976446,0.0159998688198111,0.48965030846042407
280,281,0.43574387486141786,0.12897389720894192,0.43528222792963994
281,282,0.46636843974403724,0.05495941710562283,0.47867214315034007
282,283,0.39843697283747836,0.1914647383642964,0.4100982887982255
283,284,0.37821707477582694,0.21935788872739392,0.4024250364967792
284,285,0.38141291085113976,0.20623972297129406,0.4123473661775663
285,286,0.359375489099996,0.260873174920343,0.37975133597966165
286,287,0.37655502182614115,0.24495704142880517,0.3784879367450548
287,288,0.4928057566185454,0.020548152965374433,0.4866460904160805
288,289,0.46177746528823016,0.07036585444971573,0.46785668026205407
289,290,0.4838993207301406,0.029250400139812248,0.4868502791300473
290,291,0.47723812840456514,0.04721647295423174,0.47554539864120315
291,292,0.4994618786670123,0.0007046794926913456,0.499833441840296
292,293,0.38787255591527103,0.23224736115093744,0.37988008293379155
293,294,0.5000220904931176,0.00011105579609773496,0.499866853710785
294,295,0.396829210714045,0.2141584486265111,0.3890123406594443
295,296,0.4955980010057705,0.0046584534344267054,0.49974354555980216
296,297,0.36681294050143703,0.2420896211763938,0.3910974383221689
297,298,0.3987311475846203,0.18590364089914926,0.41536521151623
298,299,0.36695366555541786,0.23549514601322766,0.3975511884313542
299,300,0.37635902067370985,0.2260337909954266,0.3976071883308632
300,301,0.43762065960340457,0.11706014555771448,0.4453191948388806
301,302,0.4496849933948637,0.0943612185594832,0.45595378804565284
302,303,0.4507758048016587,0.09312621425652641,0.4560979809418145
303,304,0.49911779214985885,0.001198463156959252,0.4996837446931815
304,305,0.43886911904642434,0.12111181602410045,0.4400190649294754
305,306,0.43411446770459716,0.14900559700256238,0.4168799352928404
306,307,0.49679083465931206,0.01028923509184928,0.4929199302488385
307,308,0.47472737392998543,0.04577900671629803,0.47949361935371587
308,309,0.47720181109073395,0.04293826938342579,0.4798599195258403
309,310,0.43731096341693665,0.11705777168563977,0.4456312648974232
310,311,0.48834057252941754,0.012170541381022946,0.49948888608955944
311,312,0.49790619469432373,0.0008306646432099139,0.5012631406624661
312,313,0.38514767868106214,0.20277073223329747,0.41208158908564024
313,314,0.47073666151725385,0.05487428944717851,0.47438904903556844
314,315,0.4799853331914148,0.03285837346217985,0.48715629334640553
315,316,0.4993310057100413,0.0018098795225148885,0.4988591147674438
316,317,0.4500476777061288,0.08094935498606919,0.4690029673078012
317,318,0.4708894865278763,0.055757062153256216,0.47335345131886797
318,319,0.45708330393993146,0.0605658116319999,0.4823508844280687
319,320,0.3993015143026191,0.15934455281929724,0.44135393287808355
320,321,0.4641300550269382,0.04765758779903486,0.488212357174027
321,322,0.4938592541161993,0.010483948417451764,0.49565679746634933
322,323,0.40081746712911126,0.1809288997361948,0.41825363313469466
323,324,0.47665143379308383,0.05312584891463687,0.4702227172922792
324,325,0.4551691162103924,0.09326110750977068,0.45156977627983674
325,326,0.4342159298800613,0.1349289067173975,0.43085516340254126
326,327,0.46326665156576163,0.07455692350043329,0.4621764249338047
327,328,0.5000021661555833,2.89310663229161e-05,0.4999689027780936
328,329,0.4068784746678351,0.1701269152533094,0.4229946100788553
329,330,0.4408982302998479,0.12110836312471698,0.43799340657543545
330,331,0.4666222894485509,0.06470108855984513,0.46867662199160315
331,332,0.3533371191726203,0.2642733005667899,0.38238958026059017
332,333,0.4520168342797689,0.09392973897305326,0.45405342674717764
333,334,0.4141324361111204,0.1704631232320263,0.41540444065685217
334,335,0.4676594391651113,0.0745002435296882,0.45784031730520064
335,336,0.4850171682348921,0.052495541352156755,0.4624872904129506
336,337,0.4223852680220076,0.17664656711238128,0.4009681648656102
337,338,0.5002019855460759,7.042290692149131e-05,0.4997275915470025
338,339,0.47037092073551073,0.06050198102626861,0.469127098238221
339,340,0.4822232847638825,0.03823243695510027,0.47954427828101764
340,341,0.395918960233746,0.2089560461798718,0.3951249935863818
341,342,0.3519970422633778,0.29498116890594933,0.3530217888306731
342,343,0.4255793558963609,0.14822783865249126,0.4261928054511468
343,344,0.40954251479496473,0.18453188570639883,0.40592559949863677
344,345,0.37379192164159747,0.24871164160807868,0.3774964367503234
345,346,0.4329929406083418,0.13264209435331567,0.43436496503834293
346,347,0.3609024228872718,0.2738338467295297,0.3652637303831979
347,348,0.38058237638094256,0.2415953777874593,0.37782224583159746
348,349,0.4273114610729406,0.14452113132413275,0.4281674076029267
349,350,0.38432007111312966,0.22594200783371335,0.3897379210531563
350,351,0.3601299366614421,0.2865455911822982,0.3533244721562597
351,352,0.4483178376432879,0.11780142624467767,0.433880736112035
352,353,0.3549279853363183,0.2444393977696488,0.4006326168940329
353,354,0.49335150045710613,0.022661167632215335,0.48398733191067855
354,355,0.4403170668867877,0.08697575889736356,0.4727071742158484
355,356,0.503825093564083,0.012438465763317296,0.48373644067259947
356,357,0.5077741278029585,0.007069845651299459,0.485156026545742
357,358,0.33425657697108274,0.25734212598528483,0.40840129704363204
358,359,0.47801133116773964,0.043907355483412056,0.4780813133488483
359,360,0.46024442317793185,0.07499139936033299,0.46476417746173543
360,361,0.42028389317158915,0.16691616628700032,0.4127999405414107
361,362,0.4438895771037872,0.11090057781982506,0.44520984507638783
362,363,0.4535404186454389,0.08491472744952203,0.4615448539050399
363,364,0.43120046676426493,0.11563129402647794,0.4531682392092566
364,365,0.3823746863630874,0.2374811129041,0.3801442007328123
365,366,0.45261677832260055,0.09582195174799606,0.45156126992940393
366,367,0.48992500197229627,0.019230724082592156,0.4908442739451116
367,368,0.48003474750123004,0.042079855276218055,0.4778853972225512
368,369,0.4608116973632956,0.08110833415800368,0.4580799684787012
369,370,0.4002520067847373,0.19600026377372026,0.4037477294415425
370,371,0.49509490468680095,0.014240784953797147,0.4906643103594021
371,372,0.37194627799257923,0.2643567226657215,0.36369699934169947
372,373,0.4214518621852689,0.15898172477609496,0.4195664130386363
373,374,0.47903072472193,0.042481232337421196,0.4784880429406489
374,375,0.42120557700069905,0.1679369579685455,0.4108574650307558
375,376,0.39611372292465025,0.18212199605980206,0.42176428101554697
376,377,0.44867390652394645,0.07545329542961893,0.47587279804643523
377,378,0.42032285465971286,0.16589534694761027,0.4137817983926766
378,379,0.49607794658848603,0.008642979427691587,0.49527907398382204
379,380,0.44843013932485354,0.09772233488420619,0.4538475257909402
380,381,0.49381430826851835,0.011018635701681007,0.4951670560298004
381,382,0.43582047541964825,0.13407923729010404,0.4301002872902478
382,383,0.4801062894222164,0.04204256105432705,0.47785114952345664
383,384,0.5001261073081006,0.00038816704097051927,0.49948572565092914
384,385,0.4799359261583381,0.0474267862601746,0.47263728758148704
385,386,0.49831037413985096,0.024247430067828844,0.4774421957923206
386,387,0.40054064988603594,0.054500502661996464,0.5449588474519672
387,388,0.4423451726173003,0.330242046504192,0.22741278087850827
388,389,0.36067511630028865,0.2981497512771219,0.3411751324225894
389,390,0.4950249361602251,0.00847359507678161,0.49650146876299367
390,391,0.3996759802987356,0.21241212557161745,0.3879118941296472
391,392,0.4461329387033657,0.08104691271104376,0.47282014858559024
392,393,0.3563330297584036,0.2819077683551124,0.361759201886484
393,394,0.4310718283974868,0.1509110063946753,0.41801716520783716
394,395,0.49948210072814164,0.0001465552780131129,0.500371343993845
395,396,0.46834987647528814,0.07195612273776852,0.4596940007869428
396,397,0.49402873914888895,0.014586589333094447,0.49138467151801696
397,398,0.4119823924551116,0.17241561266173522,0.4156019948831531
398,399,0.3774340062873583,0.24650347464020053,0.3760625190724415
399,400,0.4304118910794542,0.14121703434486851,0.428371074575677
400,401,0.4990544742288917,0.009929236780665008,0.49101628899044336
401,402,0.4739863282522689,0.027409222460797075,0.4986044492869342
402,403,0.4942642576698526,0.006305849232786276,0.49942989309736163
403,404,0.4913921953650935,0.02028391305268349,0.4883238915822233
404,405,0.44369745458400883,0.1251712108652653,0.4311313345507262
405,406,0.47627640100080443,0.0544558433705518,0.4692677556286441
406,407,0.3798751783830812,0.19629601026661034,0.4238288113503085
407,408,0.3453095193416944,0.2746779289663375,0.38001255169196796
408,409,0.34514882359734333,0.2586018104232356,0.396249365979422
409,410,0.47875848042895425,0.0270096534518166,0.4942318661192292
410,411,0.48328290902130977,0.08076417641279104,0.43595291456589935
411,412,0.3970969335175879,0.2272940312697904,0.3756090352126219
412,413,0.4623957904723906,0.09176432772922197,0.44583988179838846
413,414,0.48736082810383996,0.03721884595528117,0.47542032594087885
414,415,0.4914995348702547,0.025937920945346735,0.4825625441843982
415,416,0.39532101808128806,0.21253657525405273,0.39214240666465905
416,417,0.3823404409381798,0.23756776179175662,0.38009179727006426
417,418,0.49980216111554054,0.00022200103776313232,0.49997583784669586
418,419,0.49876015109438526,0.0028927901637499803,0.4983470587418645
419,420,0.48201882355689607,0.03899196233375599,0.47898921410934847
420,421,0.4909018082515222,0.021000202311403662,0.4880979894370742
421,422,0.49691401487233755,0.007938679325296264,0.49514730580236566
422,423,0.3575958040703984,0.22918189889607526,0.41322229703352575
423,424,0.3760918114239367,0.18251231164096718,0.44139587693509597
424,425,0.35249477297133774,0.18914433703226827,0.45836088999639424
425,426,0.41115921710365577,0.14900651569106746,0.43983426720527646
426,427,0.4437721558562606,0.0900786792736325,0.46614916487010644
427,428,0.45866265090015873,0.06318957950349931,0.4781477695963424
428,429,0.48120955425192347,0.01163399226251351,0.5071564534855636
429,430,0.4568246138496451,0.08896551342859059,0.4542098727217639
430,431,0.38436753118503864,0.21718369704314625,0.39844877177181504
431,432,0.45963583826616367,0.10609844816613134,0.4342657135677052
432,433,0.423342519893266,0.15337738098916032,0.4232800991175733
433,434,0.37549916816639406,0.22239530785128303,0.40210552398232274
434,435,0.36568039169525696,0.23060109864192208,0.4037185096628211
435,436,0.3920797157503493,0.1316006921434916,0.4763195921061597
436,437,0.36275898791238953,0.2137463184066881,0.42349469368092213
437,438,0.17517291568246032,0.39002097572857425,0.4348061085889654
438,439,0.3376381362139098,0.3656048054268213,0.2967570583592693
439,440,0.34875925794315565,0.31235832860332285,0.33888241345352116
440,441,0.31730023610301966,0.34773142853267197,0.3349683353643087
441,442,0.3682276257986192,0.23320626749447845,0.39856610670690246
442,443,0.38247766040264813,0.19424088046722743,0.4232814591301244
443,444,0.454986344997362,0.0740390963457006,0.4709745586569377
444,445,0.4937201932659666,0.004833995061537316,0.501445811672496
445,446,0.4402309061576639,0.11755890503952318,0.44221018880281243
446,447,0.4820592787610025,0.021709190260785736,0.4962315309782119
447,448,0.4787116759082269,0.03398030310498029,0.487308020986793
448,449,0.4333862250771767,0.12530369785593246,0.4413100770668904
449,450,0.35673900876617437,0.19653132959334968,0.4467296616404761
450,451,0.4748086430498814,0.0784877185197183,0.44670363843040045
451,452,0.45720811954299284,0.11070045382698193,0.4320914266300249
452,453,0.3698255887840773,0.19784886305336166,0.4323255481625616
453,454,0.31669576844781433,0.30757495454083056,0.37572927701135483
454,455,0.3865427087366404,0.2239708009584807,0.3894864903048788
455,456,0.20031151162399086,0.3233311635269421,0.47635732484906723
456,457,0.0004663957368722239,0.501248418862342,0.49828518540078603
457,458,0.46702986228789023,0.1493814305301971,0.38358870718191257
458,459,0.48192184709963864,0.027694617025490472,0.4903835358748703
459,460,0.40626077798113447,0.17263213648510686,0.4211070855337583
460,461,0.4845780513467118,0.09826298262801209,0.4171589660252763
461,462,0.42838982417500915,0.17461964123772372,0.39699053458726724
462,463,0.3854121502170412,0.2588363600015185,0.35575148978144056
463,464,0.38329595062240085,0.15780205124151375,0.4589019981360855
464,465,0.37962783847556403,0.3324323173254987,0.2879398441989367
465,466,0.4896773396523073,0.06346565801412503,0.4468570023335671
466,467,0.4336504554960434,0.08340652349522791,0.48294302100872843
467,468,0.49032613501418476,0.048662352455999515,0.4610115125298156
468,469,0.5018545051400255,0.000628009258573761,0.4975174856014007
469,470,0.34818647534208647,0.1342254578781106,0.5175880667798028
