,Window_Index,Loading_Temperature_Prop,Loading_force_Prop,Loading_Voltage_Prop
0,1,0.5126996942893255,0.0006810791734172875,0.486619226537257
1,2,0.48184891966074733,0.5139591556725529,0.004191924666699904
2,3,0.38133483330702633,0.3444617364790917,0.2742034302138819
3,4,0.2623663799213982,0.3935369481095436,0.34409667196905813
4,5,0.3647508676065629,0.5454058097152041,0.08984332267823292
5,6,0.4973268658648335,0.4836566165198675,0.01901651761529824
6,7,0.4658848525543738,0.3763414243088996,0.15777372313672644
7,8,0.5151790376245083,0.48147835516568455,0.0033426072098071357
8,9,0.5142119633369032,0.4784640999846503,0.007323936678446234
9,10,0.48168471480202807,0.002501969008608418,0.5158133161893635
10,11,0.5151152944035227,0.1964581268086448,0.2884265787878328
11,12,0.47490376308895277,0.5123942095977481,0.012702027313299002
12,13,0.3654210233838684,0.5373191004054074,0.09725987621072424
13,14,0.4507562734589196,0.3921951431049399,0.15704858343614045
14,15,0.3071388285446843,0.3075168499845467,0.38534432147076847
15,16,0.4383970832111709,0.4483627624992155,0.11324015428961236
16,17,0.4839606668334922,0.48152015608566473,0.03451917708084229
17,18,0.49813046697708974,0.500787368963868,0.001082164059042227
18,19,0.49999829633062576,0.49998915580157105,1.2547867803100544e-05
19,20,0.4511165603050667,0.37347085482322595,0.17541258487170752
20,21,0.4781993896779084,0.47190955519039346,0.04989105513169773
21,22,0.4994506002076507,0.466221938419876,0.03432746137247275
22,23,0.4802598034996217,0.38039229902978217,0.1393478974705961
23,24,0.48641367793198603,0.4835381677149836,0.030048154353030453
24,25,0.48635154138527803,0.48043189914850276,0.033216559466219785
25,26,0.00684868934447638,0.4778256538121208,0.5153256568434025
26,27,0.4888008984929877,0.4890463465685033,0.022152754938508996
27,28,0.4504505074242868,0.5039602503014562,0.04558924227425636
28,29,0.19210449401936303,0.2960162777737321,0.5118792282069055
29,30,0.4977218089806958,0.5000413747055744,0.002236816313729351
30,31,0.3917689614203788,0.37782226250363216,0.2304087760759887
31,32,0.503425119815789,0.46624233992120145,0.030332540263009276
32,33,0.4962285508087466,0.49208704364476746,0.011684405546485649
33,34,0.47634201944856974,0.4750123618908597,0.04864561866057077
34,35,0.39900330247266824,0.463320965104092,0.1376757324232398
35,36,0.490969737425155,0.49952681717654757,0.00950344539829743
36,37,0.43386491324751536,0.44049695783027903,0.12563812892220513
37,38,0.4630148719412367,0.4066118558243247,0.13037327223443831
38,39,0.1920166669079666,0.3487951697216271,0.45918816337040547
39,40,0.4087414593530915,0.4067392766802399,0.184519263966669
40,41,0.4703310916115354,0.021635445434453213,0.5080334629540112
41,42,0.4771661352642588,0.4088244596423731,0.11400940509336795
42,43,0.5522260668576702,0.07904436004427998,0.36872957309804955
43,44,0.33430156793304777,0.4450761201006859,0.2206223119662665
44,45,0.44271213987769975,0.4547541391733316,0.10253372094896905
45,46,0.3917736003923303,0.47828092284004947,0.12994547676761992
46,47,0.497184776119865,0.4334480952147432,0.06936712866539203
47,48,0.5031351002180238,0.46858557044576116,0.02827932933621544
48,49,0.44570416318917555,0.19255622644867315,0.36173961036215146
49,50,0.4636668053557387,0.19881316790608405,0.3375200267381775
50,51,0.28411233895897003,0.31209422221673705,0.4037934388242932
51,52,0.46239005284665985,0.02572839245007654,0.5118815547032631
52,53,0.3887141188206255,0.3319906488635467,0.27929523231582837
53,54,0.3275646286688729,0.341817401239885,0.3306179700912424
54,55,0.33653072556147595,0.3338997520272462,0.32956952241127824
55,56,0.38942909587456176,0.3477300761147037,0.2628408280107343
56,57,0.034580467868934005,0.46544635494304026,0.4999731771880251
57,58,0.3441469804364821,0.34259855816624013,0.313254461397278
58,59,0.33488074286089875,0.3298378133535092,0.3352814437855919
59,60,0.3327981543273932,0.3255839203928636,0.34161792527974333
60,61,0.3190596088603411,0.33542267437012363,0.3455177167695354
61,62,0.3824994453363219,0.1828737997060846,0.43462675495759373
62,63,0.4386987604665197,0.13438077007955418,0.42692046945392637
63,64,0.39757859199638784,0.21039538082515705,0.3920260271784548
64,65,0.4832502789676208,0.03615780697131136,0.48059191406106794
65,66,0.39597265729758285,0.217812702238544,0.38621464046387305
66,67,0.4999056380889716,8.837248702872235e-05,0.5000059894239992
67,68,0.4112945120868567,0.18408393006827933,0.4046215578448639
68,69,0.44177933493789295,0.09936438903352733,0.45885627602858003
69,70,0.45088923042357154,0.13388472104899074,0.4152260485274379
70,71,0.386361103977686,0.2815668796640459,0.33207201635826783
71,72,0.4200881018187695,0.187813295850755,0.39209860233047633
72,73,0.4326217968756314,0.1642324470373413,0.403145756087027
73,74,0.4741859609723723,0.06573765011307413,0.46007638891455294
74,75,0.38299563899124234,0.2909286465538952,0.32607571445486266
75,76,0.3694701432899331,0.3384287074349744,0.29210114927509223
76,77,0.40692448942857706,0.19799829397996288,0.39507721659145956
77,78,0.3898976346166475,0.2798772404409191,0.33022512494243345
78,79,0.3996699130624734,0.24423250652345396,0.3560975804140724
79,80,0.46561614280398606,0.3707546901051509,0.16362916709086317
80,81,0.4723690440966192,0.432078924833856,0.09555203106952478
81,82,0.39425171688701216,0.38731083109778686,0.21843745201520096
82,83,0.5960783332403772,0.18447527101000594,0.21944639574961733
83,84,0.4072303165947626,0.3732224948908129,0.21954718851442498
84,85,0.41415417767550916,0.3449737451652325,0.24087207715925849
85,86,0.5024471904632155,0.4947653145614693,0.0027874949753152038
86,87,0.47908501973735557,0.15108903171859872,0.3698259485440456
87,88,0.4645845316347782,0.3048846074039024,0.23053086096131936
88,89,0.44100525944063973,0.3712787236593458,0.1877160169000144
89,90,0.49102731013263246,0.2606763837919038,0.24829630607546418
90,91,0.48652212530396155,0.46968342777261785,0.043794446923420716
91,92,0.4998029364869473,0.5000052701702599,0.00019179334279283657
92,93,0.5017416840680483,0.497694227858942,0.0005640880730097825
93,94,0.5006980080597792,0.4975880450772463,0.0017139468629746657
94,95,0.5022560378179652,0.4755423358877049,0.022201626294330312
95,96,0.5015963467565154,0.49476810881116356,0.003635544432321036
96,97,0.3477550835488081,0.4116078860412061,0.24063703040998594
97,98,0.5573656953285048,0.12892393157106521,0.31371037310043004
98,99,0.015901995048819027,0.4998019436550386,0.4842960612961429
99,100,0.49502142313438874,0.4940659631952378,0.010912613670373978
100,101,0.5273972000979935,0.20838249150706242,0.26422030839494404
101,102,0.4816019454992979,0.3235980873848499,0.19479996711585143
102,103,0.4380036586184876,0.22726783140112333,0.3347285099803897
103,104,0.46071972707669256,0.02286543038341493,0.516414842539893
104,105,0.49987605730492435,0.006580612657164087,0.49354333003791123
105,106,0.4294642598148853,0.22818961648372682,0.34234612370138756
106,107,0.5229881182225815,0.01718877958207501,0.4598231021953439
107,108,0.015829177944223796,0.49376250846805414,0.49040831358772335
108,109,0.2966677824873851,0.2709321841130782,0.4324000333995367
109,110,0.524404022675616,0.4709962120687991,0.004599765255584885
110,111,0.42117919649941093,0.29931664456494156,0.27950415893564734
111,112,0.43609953720642786,0.13990649679941453,0.4239939659941582
112,113,0.4441270837623891,0.34354556309942685,0.2123273531381841
113,114,0.49888516308137015,0.5007483585596544,0.0003664783589755177
114,115,0.3323963346098122,0.41611876267520403,0.25148490271498414
115,116,0.47278832088708184,0.3924220550752679,0.13478962403765
116,117,0.49562851831907273,0.419047889421167,0.08532359225976066
117,118,0.36052835351767826,0.41205971347021875,0.22741193301210308
118,119,0.44293434484616395,0.4356373345626536,0.12142832059118315
119,120,0.5045845521010772,0.47757529146860284,0.017840156430319738
120,121,0.406266199287543,0.36929468112910885,0.22443911958334753
121,122,0.04297733708700024,0.5067713166705216,0.4502513462424783
122,123,0.4964701432613788,0.025918498943782647,0.47761135779483854
123,124,0.32321176241155924,0.25791078936702183,0.4188774482214188
124,125,0.07121178580102216,0.4849379895197718,0.4438502246792058
125,126,0.20189059746668098,0.43067944236120753,0.3674299601721119
126,127,0.4486973605063872,0.34125687184059356,0.21004576765301888
127,128,0.36483319552075516,0.19286548773511644,0.4423013167441288
128,129,0.39815356841754473,0.4575247179254214,0.1443217136570343
129,130,0.24227725128574337,0.42134456054054886,0.33637818817370807
130,131,0.5260037091247077,0.203387341137534,0.2706089497377581
131,132,0.3941441060510679,0.22315125317568213,0.3827046407732503
132,133,0.34708541252705977,0.414827628938188,0.23808695853475184
133,134,0.36094173400766827,0.34869220443670984,0.2903660615556214
134,135,0.3356191160150463,0.22829193986562113,0.43608894411933286
135,136,0.28959024993903476,0.3479916233251261,0.362418126735839
136,137,0.21056439122210854,0.3557290890321525,0.4337065197457388
137,138,0.5364251665406105,0.10741894954249029,0.35615588391689934
138,139,0.5251006061113845,0.4157215017085628,0.0591778921800524
139,140,0.4780237657059897,0.5027095764283942,0.019266657865616245
140,141,0.36812480134069014,0.16790506632685182,0.4639701323324583
141,142,0.43614594111353405,0.46797578801347695,0.09587827087298917
142,143,0.38021466605074655,0.5085021982676173,0.1112831356816363
143,144,0.40551033132303393,0.48482194043346427,0.10966772824350206
144,145,0.4619430617364619,0.4079222242611091,0.13013471400242907
145,146,0.39092927100473,0.4436754899994194,0.16539523899585046
146,147,0.41689161432864885,0.4054878527758425,0.17762053289550847
147,148,0.3446867185409367,0.18010010357802556,0.4752131778810383
148,149,0.37634636673938837,0.2322968388073479,0.39135679445326316
149,150,0.16765565554632447,0.5177682997345088,0.31457604471916706
150,151,0.11601770708081674,0.5606983179645407,0.3232839749546425
151,152,0.38680241417454886,0.47194650171069846,0.14125108411475315
152,153,0.4847453324819804,0.459274367769298,0.055980299748721755
153,154,0.4614236006880009,0.369324341595163,0.16925205771683652
154,155,0.2583482976133216,0.5385904400495428,0.2030612623371362
155,156,0.24146894272934846,0.20490115408251897,0.5536299031881328
156,157,0.5170503723912362,0.4808836151557545,0.0020660124530094354
157,158,0.5023100842758279,0.4953065410438221,0.0023833746803498595
158,159,0.4972359137626367,0.49827325185666954,0.004490834380693163
159,160,0.47652821764841613,0.4293133146152962,0.09415846773628776
160,161,0.36652505245080025,0.43822929161669105,0.19524565593250895
161,162,0.25065000491067757,0.32658235303789007,0.422767642051433
162,163,0.17471488192087387,0.395393868952278,0.4298912491268485
163,164,0.4111866606411385,0.37156049203370284,0.21725284732515857
164,165,0.4635763533550971,0.43469817116478776,0.10172547548011458
165,166,0.49998247450722366,0.4996880503661062,0.00032947512666991444
166,167,0.503923423283485,0.4850619997471325,0.011014576969382704
167,168,0.3798001600490792,0.36120261856746266,0.25899722138345865
168,169,0.37064405833774994,0.25583020240322357,0.373525739259027
169,170,0.4805956582778382,0.3314931538086398,0.18791118791352193
170,171,0.4216945303735934,0.45729625453236245,0.12100921509404418
