,Window_Index,Loading_Temperature_Prop,Loading_force_Prop,Loading_Voltage_Prop
0,1,0.5409777216833744,0.05126954001530131,0.40775273830132397
1,2,0.39551347911916784,0.02573361597969234,0.5787529049011396
2,3,0.27201277637772364,0.46491561392200814,0.26307160970026827
3,4,0.15516839909935448,0.5044233495155134,0.3404082513851317
4,5,0.0037842580817694627,0.4949006669721333,0.501315074946097
5,6,0.4544997746380488,0.49807570998785716,0.04742451537409379
6,7,0.47745693021666363,0.01397391354475638,0.5085691562385798
7,8,0.3814070092882321,0.5127090561091793,0.1058839346025884
8,9,0.48041752245746017,0.49562801079700486,0.023954466745534995
9,10,0.28581123657366775,0.24238125187614076,0.4718075115501919
10,11,0.5438355874353126,0.4214067169870989,0.03475769557758831
11,12,0.49853287430289306,0.5014130238781302,5.410181897681888e-05
12,13,0.30912294554324826,0.439159738105411,0.2517173163513409
13,14,0.3591154959118886,0.4779472645425232,0.16293723954558847
14,15,0.4442870131544182,0.014452881303124658,0.5412601055424574
15,16,0.4768127631290326,0.49485777541325227,0.02832946145771543
16,17,0.42737378032195156,0.4937947032877167,0.07883151639033133
17,18,0.43520068932544254,0.445005725132294,0.11979358554226349
18,19,0.49960655313123287,0.5003548237751004,3.862309366656986e-05
19,20,0.4511548171924182,0.46403742219481403,0.08480776061276775
20,21,0.49943676925894165,0.5001303454455756,0.00043288529548251783
21,22,0.4504509967967445,0.4597060177072021,0.08984298549605277
22,23,0.5000458617447986,0.4991331029888639,0.0008210352663373354
23,24,0.46579236687268166,0.4634429574187746,0.07076467570854407
24,25,0.4996348825810416,0.5000808319553706,0.0002842854635871425
25,26,0.49723114167996385,0.4968919000690041,0.005876958251032055
26,27,0.44856875679584934,0.4471182933665174,0.1043129498376329
27,28,0.4924102977307552,0.49243641348686223,0.015153288782382035
28,29,0.4352022305286267,0.430755714316153,0.1340420551552201
29,30,0.4778120177742961,0.47063561133464904,0.05155237089105449
30,31,0.47286649429686706,0.4717314236703185,0.05540208203281474
31,32,0.48344532927766976,0.4825439770146348,0.03401069370769571
32,33,0.49214422303837874,0.4921346526856563,0.015721124275964806
33,34,0.46701525549264683,0.465019911296131,0.06796483321122185
34,35,0.49225240421736993,0.4926272556485318,0.015120340134098008
35,36,0.49189580702568464,0.49305171237477113,0.015052480599544895
36,37,0.4994505104082262,0.4998737544688266,0.0006757351229473704
37,38,0.46828875163411104,0.4609291735828002,0.0707820747830891
38,39,0.49256110960768296,0.48759536506483386,0.01984352532748298
39,40,0.49943750301693995,0.49498852001701554,0.005573976966044504
40,41,0.4996500662494749,0.49582561382501256,0.0045243199255122395
41,42,0.4568698439707067,0.43076431861418024,0.11236583741511322
42,43,0.5013299108672411,0.4985687926544659,0.00010129647829302644
43,44,0.484289008419307,0.4632951939565864,0.05241579762410635
44,45,0.4999617842810684,0.5000309638010616,7.2519178701499644e-06
45,46,0.49827444306473595,0.5010293657547478,0.0006961911805167041
46,47,0.47545247292771575,0.4689397909024362,0.05560773616984765
47,48,0.49292673167131523,0.4703324037095332,0.036740864619151554
48,49,0.46753076934438,0.4824455237680746,0.05002370688754572
49,50,0.4992612368726855,0.5000500324482189,0.0006887306790954467
50,51,0.48632746208005667,0.37065349341571313,0.14301904450423014
51,52,0.49569795836979663,0.487161554436668,0.017140487193535597
52,53,0.48663264122307776,0.4912110792135157,0.022156279563406617
53,54,0.4998979187633438,0.5000973663686805,4.714867975834958e-06
54,55,0.4176427214826489,0.4470438903817066,0.13531338813564422
55,56,0.4409139914271432,0.4954697622573432,0.06361624631551377
56,57,0.5030754464376931,0.49562115785969874,0.0013033957026080626
57,58,0.5007386737081634,0.4883071255610145,0.010954200730822303
58,59,0.4090176959926845,0.4226662846222217,0.1683160193850934
59,60,0.3658387502260431,0.3262293669622294,0.30793188281172734
60,61,0.4722647032123379,0.49643949545634136,0.03129580133132048
61,62,0.004411355746867264,0.5001787086120175,0.49540993564111485
62,63,0.3896490906006301,0.2098733299296842,0.4004775794696862
63,64,0.3430384527721473,0.4500103132632946,0.2069512339645575
64,65,0.4994942105082668,0.5000132916570218,0.0004924978347117585
65,66,0.43807005866117343,0.49483165258810013,0.06709828875072618
66,67,0.2976574788894921,0.3722047038874427,0.3301378172230647
67,68,0.030930343236122076,0.4785204110082757,0.49054924575560177
68,69,0.2530642641351779,0.37468389875091485,0.3722518371139069
69,70,0.2030221231472833,0.40169917409173356,0.39527870276098315
70,71,0.20767727258475074,0.3897088963558531,0.4026138310593963
71,72,0.21171089996206288,0.39950893524938447,0.38878016478855254
72,73,0.003013327626458115,0.4993158958816607,0.4976707764918818
73,74,0.2586505624017323,0.36699348066535314,0.37435595693291485
74,75,0.19267249823348948,0.40137582888348405,0.40595167288302636
75,76,0.252053340416581,0.3778471998912232,0.37009945969219565
76,77,0.15339968491707331,0.4366134764261471,0.40998683865678
77,78,0.15755744441054945,0.4250694217747683,0.41737313381468205
78,79,0.0002272065157796474,0.49993209165175506,0.4998407018324648
79,80,0.14411178152203913,0.3988899161297621,0.4569983023481985
80,81,0.003809434218043166,0.4776242861634327,0.518566279618524
81,82,0.384640517581552,0.3749246245350407,0.24043485788340757
82,83,0.47882232844554845,0.47779191599457455,0.043385755559877046
83,84,0.44162523524036507,0.44660616878430615,0.11176859597532829
84,85,0.45729078079570523,0.44300824366035185,0.09970097554394242
85,86,0.37911887781997267,0.4006528979168332,0.22022822426319394
86,87,0.2353776151029876,0.4260664399406357,0.3385559449563769
87,88,0.1343244592028581,0.4687793697927843,0.3968961710043574
88,89,0.10403005854271605,0.49491831462285074,0.4010516268344335
89,90,0.5003732763406787,0.4995627784565184,6.39452028031857e-05
90,91,0.40374038206573765,0.263261244445618,0.332998373488644
91,92,0.529969612188761,0.45531123710710003,0.014719150704139013
92,93,0.6532394993541831,0.2527915262018248,0.09396897444399202
93,94,0.37220427245506976,0.42389409123751187,0.20390163630741825
94,95,0.49098057428640823,0.4993686471360213,0.009650778577570355
95,96,0.3715313655849424,0.33470368201197265,0.2937649524030841
96,97,0.04548460627800802,0.4350981216320024,0.5194172720899897
97,98,0.00026892145046915133,0.5014676492098786,0.49826342933965195
98,99,0.05796911244819877,0.42741880221831957,0.5146120853334814
99,100,0.42357075203907246,0.21900411043493292,0.35742513752599486
100,101,0.06423355216960759,0.5032442184934431,0.43252222933694884
101,102,0.2265359487212967,0.4377362935938008,0.3357277576849026
102,103,0.22617037687134064,0.40724179913325337,0.3665878239954054
103,104,0.34982801848890693,0.2982494252010921,0.35192255631000036
104,105,0.37693842474495326,0.2330041450342469,0.3900574302207996
105,106,0.3938178331289592,0.3238356001357521,0.2823465667352889
106,107,0.08281695371596583,0.42467021073494426,0.49251283554909
107,108,0.06936197947088357,0.49583953214562765,0.43479848838348806
108,109,0.3516176293914769,0.44334373209986,0.20503863850866302
109,110,0.35288032082183773,0.37372019786982524,0.2733994813083373
110,111,0.4659844947740785,0.3092738433732881,0.22474166185263378
111,112,0.25150044041304537,0.5307793423315875,0.2177202172553669
112,113,0.3223878392235342,0.49616967361499376,0.18144248716147235
113,114,0.03493243543982093,0.5115898184353019,0.4534777461248773
114,115,0.38224907606616,0.47504020993377555,0.14271071400006427
115,116,0.4919013213473417,0.48900473099238756,0.019093947660271088
116,117,0.034016733936467404,0.44353688973925176,0.5224463763242809
117,118,0.38789899883005546,0.4684635036202676,0.14363749754967697
118,119,0.46953774657199837,0.4428460207902151,0.08761623263778681
119,120,0.5171486384153667,0.4668738572891141,0.01597750429551917
120,121,0.5544532011188454,0.40435051923419313,0.04119627964696138
121,122,0.29315822072736536,0.430354968849767,0.2764868104228674
122,123,0.01108551498525088,0.474609900049608,0.5143045849651415
123,124,0.4711325144625868,0.10285271116909887,0.42601477436831436
124,125,0.4741998588093348,0.42732893882259454,0.09847120236807064
125,126,0.5037926030294617,0.45645849549802753,0.03974890147251073
126,127,0.3660937349593737,0.48976202981850775,0.1441442352221182
127,128,0.17118946569034424,0.41143524909134793,0.41737528521830786
128,129,0.4724493777930256,0.4814687029406511,0.04608191926632341
129,130,0.4181328205286924,0.08889621922266676,0.49297096024864034
130,131,0.36503882080059913,0.18687302955469995,0.4480881496447009
131,132,0.505449204611675,0.27876383075850625,0.21578696462981903
132,133,0.42782228633784003,0.2590351310378255,0.3131425826243342
133,134,0.3446480482075042,0.2692463039392663,0.3861056478532288
134,135,0.5142876767396213,0.011285267094664,0.47442705616571496
135,136,0.5395802682838649,0.2553064443924638,0.20511328732367132
136,137,0.384171531255689,0.467159470873526,0.1486689978707852
