,Window_Index,Loading_Temperature_Prop,Loading_force_Prop,Loading_Voltage_Prop
0,1,0.5176038770419671,0.4550012288660194,0.02739489409201399
1,2,0.24761347522308122,0.4385003654233987,0.31388615935351927
2,3,0.2147413935545342,0.40335467499906946,0.38190393144639617
3,4,0.4198522072758642,0.05099805523788794,0.529149737486248
4,5,0.07071002304085774,0.4124036583755338,0.5168863185836083
5,6,0.039257145809575254,0.4970093263529068,0.4637335278375178
6,7,0.09184863872629455,0.47795282048157234,0.4301985407921336
7,8,0.21149020854669515,0.4256707673026165,0.36283902415068814
8,9,0.18577611192941793,0.44600902685512905,0.3682148612154537
9,10,0.4059806014523614,0.2998375509873944,0.2941818475602446
10,11,0.6258515779749669,0.07606502333116898,0.2980833986938645
11,12,0.6032244048632726,0.3134102130431279,0.0833653820936
12,13,0.3568722822977098,0.5567193026690276,0.0864084150332625
13,14,0.44801567403944637,0.23310330958614017,0.31888101637441396
14,15,0.2922706962700546,0.2715988240125723,0.4361304797173732
15,16,0.5003028905678188,6.656745083029958e-06,0.4996904526870983
16,17,0.5073565265293165,0.47733096128291785,0.015312512187765172
17,18,0.4177339282717593,0.49761186892393405,0.08465420280430666
18,19,0.37618871961465017,0.4814616487458653,0.14234963163948464
19,20,0.49385748574123983,0.44128585123817465,0.06485666302058533
20,21,0.4665563939211233,0.38084557405521535,0.15259803202366157
21,22,0.4984167421147282,0.49805605930432967,0.0035271985809425255
22,23,0.4931848144583121,0.5002845117099473,0.006530673831740239
23,24,0.3914567671262016,0.5044143122745323,0.10412892059926589
24,25,0.4693067240947815,0.47640157288491103,0.054291703020307266
25,26,0.4971524935076865,0.4981405107693564,0.004706995722957157
26,27,0.5019437684268236,0.49200149694430806,0.006054734628868129
27,28,0.4440503163449551,0.47738876495637655,0.0785609186986687
28,29,0.5043666288325205,0.3625830132551908,0.1330503579122878
29,30,0.4901554626548357,0.48159102017776306,0.028253517167400648
30,31,0.4978496546339997,0.4651334036438848,0.037016941722115566
31,32,0.4341836454889021,0.4497067988215407,0.11610955568955665
32,33,0.49983597909305716,0.5000423633339861,0.00012165757295667153
33,34,0.4981232799626808,0.00012041984056234506,0.5017563001967562
34,35,0.4991420019236651,0.49785154797708797,0.003006450099246807
35,36,0.49804340167986794,0.49925115033558115,0.0027054479845510437
36,37,0.4881286635703583,0.39903824200514415,0.11283309442449738
37,38,0.4965334429994503,0.4980034654886748,0.005463091511875136
38,39,0.4984400521365683,0.49296012737959327,0.008599820483838344
39,40,0.48214182661309496,0.4903463462111123,0.027511827175792355
40,41,0.49315853068240156,0.49739709049019787,0.009444378827400648
41,42,0.5017612878486388,0.4832366115015366,0.015002100649824305
42,43,0.4969509441911411,0.4645244132328344,0.038524642576024344
43,44,0.4891466430189358,0.4836510549913023,0.02720230198976131
44,45,0.4943485999014304,0.496649444209223,0.009001955889346297
45,46,0.496123160353304,0.4968500477931021,0.007026791853593477
46,47,0.48593359843369255,0.490409948649663,0.02365645291664504
47,48,0.49935876465792806,0.500469734158041,0.0001715011840313606
48,49,0.4808235697104395,0.48178705875108624,0.037389371538474485
49,50,0.4803554353222095,0.4627846118453707,0.05685995283242074
50,51,0.4901559293482768,0.5027217314002328,0.007122339251490064
51,52,0.09709592277919973,0.601566365995804,0.3013377112249957
52,53,0.4953716338293257,0.2779736380163511,0.22665472815432333
53,54,0.510843309708996,0.451512357252837,0.03764433303816756
54,55,0.4992942891615824,0.5000927231392635,0.0006129876991542677
55,56,0.4504855015626105,0.44731646921514445,0.10219802922224495
56,57,0.4795018788601366,0.4804711535281537,0.04002696761170975
57,58,0.4151844852601746,0.4132599704561426,0.17155554428368305
58,59,0.4981935285441859,0.49691895420967863,0.0048875172461353535
59,60,0.4203103957680352,0.42465849905352315,0.15503110517844182
60,61,0.47383299750040764,0.4706628227789217,0.05550417972067087
61,62,0.44970314535940265,0.45297597050792443,0.09732088413267288
62,63,0.49967871789908336,0.4992493998620176,0.0010718822388988665
63,64,0.45421732560641565,0.4386590998845171,0.10712357450906716
64,65,0.48631329674019336,0.4134000341395805,0.1002866691202263
65,66,0.48932974746046637,0.5020913049138028,0.008578947625730386
66,67,0.47036249048846057,0.460806466362527,0.06883104314901242
67,68,0.49560789824552576,0.49762057712205904,0.006771524632416177
68,69,0.4999962576974355,0.49992364422390406,8.009807866067771e-05
69,70,0.30316925459577954,0.3668546055654376,0.3299761398387836
70,71,0.4774050979751212,0.48306130387229956,0.039533598152579646
71,72,0.34651674802457966,0.382359571896705,0.2711236800787149
72,73,0.32555935957467913,0.375355342866354,0.2990852975589667
73,74,0.49483257970980044,0.4865447727772843,0.018622647512914946
74,75,0.4874469844721305,0.4837488338200019,0.028804181707867905
75,76,0.4999790944991549,0.5000201647849659,7.407158789644586e-07
76,77,0.5023970844317225,0.49727096266574694,0.000331952902530376
77,78,0.003995375075383168,0.507168614313582,0.48883601061103477
78,79,0.26985189472833626,0.45529909022028675,0.274849015051377
79,80,0.4903746026474651,0.4952966132804048,0.014328784072130174
80,81,0.47288963349669005,0.47603831473299146,0.05107205177031823
81,82,0.4612471680944565,0.46712733306540816,0.07162549884013653
82,83,0.49997628846135933,0.5000025090222955,2.1202516345389173e-05
83,84,0.4880239255202202,0.48543537735453257,0.026540697125247273
84,85,0.4802590410267489,0.4863763455745058,0.033364613398745545
85,86,0.4616095548975814,0.43457955818119415,0.10381088692122419
86,87,0.45017611892701653,0.4441413793016209,0.10568250177136235
87,88,0.494439975253335,0.4934249580729889,0.012135066673675685
88,89,0.49542566310748587,0.4992723220677378,0.005302014824776176
89,90,0.5194587983099463,0.4543794949175756,0.026161706772478414
90,91,0.5098788233039052,0.48620910912602683,0.003912067570068375
91,92,0.4572726907141404,0.48964644111243,0.053080868173429246
92,93,0.4609672866105647,0.4733703812421691,0.06566233214726634
93,94,0.4576780248228335,0.46175338095472274,0.08056859422244354
94,95,0.4479927430803344,0.2827345435161196,0.26927271340354625
95,96,0.49416193814722303,0.006799462488748632,0.49903859936402756
96,97,0.261760668438714,0.3613706618399027,0.376868669721383
97,98,0.2732467488614203,0.3630719565437197,0.3636812945948599
98,99,0.26991939696654604,0.36520008109209945,0.3648805219413539
99,100,0.17688307897260808,0.4152924658541345,0.407824455173257
100,101,0.13263799155658726,0.46705432082088083,0.4003076876225321
101,102,0.2628314863452803,0.3712466681926531,0.36592184546206674
102,103,0.1799221996585584,0.3626093373809168,0.45746846296052424
103,104,0.24734670469725056,0.4024334970613993,0.35021979824134986
104,105,0.07550929834085639,0.45779712837399167,0.4666935732851511
105,106,0.21394143807127458,0.39145573992633603,0.3946028220023892
106,107,0.32979136473277887,0.5548372993428397,0.11537133592438108
107,108,0.436072041010015,0.2905663091974938,0.2733616497924906
108,109,0.056287878954583294,0.5348390735982408,0.40887304744717523
109,110,0.1295567071209589,0.4863983818542341,0.384044911024807
110,111,0.495377772352774,0.502672087511248,0.0019501401359781048
111,112,0.09218365082540622,0.43773000380753263,0.4700863453670611
112,113,0.29661785451497574,0.3809966487187093,0.3223854967663151
113,114,0.2449248387895127,0.3683644705273313,0.3867106906831563
114,115,0.37005617510261013,0.5359799797303632,0.09396384516702623
115,116,0.41072460535283745,0.3770742103719051,0.2122011842752579
116,117,0.4323754630795905,0.39435177270697297,0.17327276421343632
117,118,0.09823602155663025,0.38064489221087855,0.5211190862324909
118,119,0.10140505357974804,0.5062389407592253,0.392356005661027
119,120,0.058482428313570034,0.4833622387655463,0.4581553329208841
120,121,0.3617483622665982,0.432849794138209,0.20540184359519278
121,122,0.2048490073002198,0.5397558344668961,0.2553951582328837
122,123,0.2702807974223381,0.41406084098676355,0.31565836159089816
123,124,0.28082642569643806,0.4102945018608028,0.30887907244275975
124,125,0.40521167957681975,0.43237794779353245,0.1624103726296474
125,126,0.4983144014728937,0.4977674132413343,0.003918185285772169
126,127,0.5007748766328044,0.49916625894202343,5.886442517241979e-05
127,128,0.41459486586315814,0.04186990421446614,0.5435352299223756
128,129,0.024501713300370462,0.4388581923302844,0.5366400943693452
129,130,0.3589238095366959,0.4153394697264838,0.22573672073682033
130,131,0.49273470909162653,0.5034591179243516,0.00380617298402199
131,132,0.22092323130491476,0.513281265321729,0.26579550337335617
132,133,0.05149219471671173,0.46689054009420633,0.4816172651890823
133,134,0.3385259355342828,0.3192307785365521,0.3422432859291652
134,135,0.004752170503973165,0.5028880283502973,0.4923598011457291
135,136,0.042058770673421154,0.46073202002359637,0.4972092093029826
136,137,0.3845770786380274,0.3729309483784878,0.24249197298348454
137,138,0.36392723670373317,0.41423957394027516,0.2218331893559915
138,139,0.27582720572241765,0.3820692423272304,0.342103551950352
