,Window_Index,Loading_Temperature_Prop,Loading_force_Prop,Loading_Voltage_Prop
0,1,0.23802184283745081,0.1712216862808714,0.5907564708816782
1,2,0.5401973187849024,0.11661240673028554,0.34319027448481265
2,3,0.42986405638090047,0.17177044517912968,0.3983654984399689
3,4,0.49379628922713326,0.49384588630531484,0.012357824467552625
4,5,0.29704085648062556,0.4593433842637351,0.24361575925563952
5,6,0.5004682405464729,0.47495131215065994,0.024580447302867108
6,7,0.4997130912495313,0.49493787925396465,0.0053490294965041025
7,8,0.49029647847412466,0.49432795374351685,0.015375567782359129
8,9,0.4924662951671453,0.4982817965510514,0.009251908281803356
9,10,0.11396911364466647,0.40553520043647995,0.48049568591885383
10,11,0.2291336696448576,0.22430520500270795,0.5465611253524345
11,12,0.361772953676786,0.37135355936111875,0.2668734869620949
12,13,0.49309055303112104,0.46171679912469477,0.04519264784418417
13,14,0.44803217412565394,0.5116999814243278,0.04026784445001769
14,15,0.4746021424541701,0.4960589110685495,0.02933894647728125
15,16,0.3723593346371736,0.496066843867291,0.13157382149553565
16,17,0.4609239235627719,0.4940167077964593,0.04505936864076864
17,18,0.4980601983790958,0.497718552560267,0.004221249060636925
18,19,0.44551764898501467,0.4327074750108715,0.1217748760041134
19,20,0.36191344571063105,0.47149033158186293,0.16659622270750615
20,21,0.4991854019553016,0.4999399409821,0.0008746570625982993
21,22,0.4957622988546515,0.4986597810720189,0.005577920073330557
22,23,0.41638493880450267,0.4561387794748123,0.12747628172068534
23,24,0.5051045146570345,0.462479548949287,0.03241593639367906
24,25,0.49832708746992777,0.4829813275908918,0.018691584939180536
25,26,0.47061246613713975,0.4784259686596175,0.050961565203242326
26,27,0.501560435357959,0.49773976986207674,0.0006997947799641901
27,28,0.4970616795810996,0.49712444341312473,0.005813877005774839
28,29,0.4347976128136811,0.4461070561668563,0.11909533101946249
29,30,0.4932422871951442,0.5013686239400293,0.005389088864826686
30,31,0.4124638136614631,0.5295732562857273,0.05796293005280905
31,32,0.34438029154663274,0.5774005371924802,0.07821917126088695
32,33,0.5569119730706078,0.13109619729836414,0.3119918296310282
33,34,0.5310498217751293,0.4618476427757165,0.007102535449154231
34,35,0.5130979895628242,0.47986460084883636,0.007037409588339006
35,36,0.4830084300074655,0.49373826981966507,0.023253300172869345
36,37,0.5018505401061293,0.4150876378916195,0.08306182200225135
37,38,0.4538996973016402,0.40539158237553136,0.14070872032282836
38,39,0.4974263678914769,0.49583797314594985,0.006735658962572884
39,40,0.49431951815988767,0.496369889814819,0.009310592025293551
40,41,0.4941873168608281,0.48913413480541806,0.0166785483337541
41,42,0.5001667027696495,0.49982411039352825,9.186836822033303e-06
42,43,0.373146494326837,0.20533429736091474,0.4215192083122479
43,44,0.5077834037702557,0.4828081155697013,0.009408480660042403
44,45,0.43354105780773244,0.5195703997548793,0.04688854243738809
45,46,0.38512646712353943,0.4574405097485624,0.15743302312789836
46,47,0.4704440003776831,0.476492572008243,0.05306342761407375
47,48,0.5002738513255762,0.4983321484468759,0.001394000227548121
48,49,0.4203894906629242,0.4662975557149604,0.11331295362211569
49,50,0.49898478830819903,0.499763643049109,0.0012515686426917776
50,51,0.4808042279322543,0.48024859034684214,0.038947181720903445
51,52,0.49540265953207574,0.48045015410043207,0.024147186367492225
52,53,0.30949257460659596,0.43665293791810006,0.2538544874753039
53,54,0.41523665953766103,0.5024075711538977,0.08235576930844175
54,55,0.43870165580101017,0.5050193675676172,0.05627897663137265
55,56,0.4941150439291101,0.4890568597846196,0.016828096286270182
56,57,0.4968823106974684,0.5025774505390794,0.0005402387634526639
57,58,0.49838739787164066,0.49080247289574597,0.010810129232613335
58,59,0.49722435111281,0.49608934611668515,0.0066863027705048005
59,60,0.4317065601540832,0.4194276146293952,0.14886582521652178
60,61,0.3952036466989676,0.3910543563434754,0.21374199695755702
61,62,0.38330895631156126,0.3721394300293403,0.24455161365909808
62,63,0.3295758021401375,0.3341191162998979,0.3363050815599648
63,64,0.2818031484535305,0.3552139101457545,0.3629829414007144
64,65,0.2167387169873184,0.386370042269531,0.39689124074315046
65,66,0.0356724192679066,0.5291017421172383,0.4352258386148552
66,67,0.34706139092927135,0.29004881953043365,0.36288978954029505
67,68,0.36312827668469677,0.24090860155893404,0.39596312175637
68,69,0.49392570370171285,0.00930030367881441,0.49677399261947264
69,70,0.4378932250007422,0.11164581159303553,0.45046096340622205
70,71,0.4143739807829639,0.14651456391212037,0.43911145530491613
71,72,0.49662150149824535,0.007287922522311024,0.49609057597944384
72,73,0.4159948996564116,0.1702884703928706,0.4137166299507177
73,74,0.4481001340778824,0.10504626182726554,0.4468536040948519
74,75,0.43328662425463677,0.1325529330413142,0.4341604427040491
75,76,0.43759960368340733,0.13149176443136285,0.43090863188523026
76,77,0.37808511242586124,0.24100178616723264,0.3809131014069063
77,78,0.5017334166548618,0.007455649037637183,0.49081093430750056
78,79,0.4996368581682953,1.2744683143169705e-05,0.5003503971485617
79,80,0.47089376217356976,0.0791493179802041,0.44995691984622604
80,81,0.4178629170466165,0.17903376768234686,0.4031033152710361
81,82,0.3681657485344433,0.19571224874271667,0.4361220027228406
82,83,0.44874044592180845,0.15865620095446709,0.3926033531237236
83,84,0.38860099742089615,0.261751831906804,0.34964717067229956
84,85,0.3766643307989369,0.4947828025845771,0.1285528666164865
85,86,0.33625371906062784,0.32558825888715454,0.3381580220522173
86,87,0.5112714386730907,0.29278549520766267,0.19594306611924614
87,88,0.48042734702345585,0.2523499191320263,0.2672227338445182
88,89,0.3809172787564702,0.17407002317432868,0.4450126980692007
89,90,0.40912578496676916,0.030424361688267183,0.5604498533449637
90,91,0.48362433363737395,0.04126768815985875,0.4751079782027668
91,92,0.3686922286697986,0.13084199610292496,0.5004657752272765
92,93,0.2536392841103876,0.4263878146770543,0.3199729012125585
93,94,0.32676034916314345,0.2776607571259295,0.39557889371092625
94,95,0.35749061054222175,0.23166085511460463,0.4108485343431735
95,96,0.4282936291823995,0.2943970477342423,0.2773093230833582
96,97,0.38257177931882247,0.32396175226366253,0.2934664684175149
97,98,0.07251163471145822,0.5338662839505375,0.39362208133800364
98,99,0.42856921770303963,0.24699201862319353,0.32443876367376684
99,100,0.4930176867643077,0.010180867388332779,0.4968014458473596
100,101,0.477225755079546,0.062336331032165335,0.46043791388828914
101,102,0.347140614752318,0.29534779633978714,0.35751158890789575
102,103,0.3317167742209545,0.5090408763847192,0.15924234939432633
103,104,0.04912764974915523,0.5049791607362367,0.4458931895146081
104,105,0.5023423662430483,0.48545219261357636,0.012205441143375004
105,106,0.5129522821611896,0.44411580114909144,0.042931916689719136
106,107,0.5032094537226436,0.496625353652811,0.00016519262454549877
107,108,0.3041905759069544,0.20667973991017924,0.48912968418286723
108,109,0.4294108182344291,0.4114265118743008,0.15916266989126987
109,110,0.4898974063484344,0.439547945986766,0.07055464766479928
110,111,0.23642349670174034,0.5015350807298398,0.2620414225684198
111,112,0.11411300311540495,0.44714868045911266,0.4387383164254825
112,113,0.5019697906391609,0.4974924365786961,0.0005377727821427671
113,114,0.4306840581002447,0.4890900988877079,0.08022584301204823
114,115,0.32374055881858815,0.21563881874508797,0.46062062243632435
115,116,0.49355581345381366,0.4401991235728387,0.06624506297334774
116,117,0.3469184324277986,0.13955859275910962,0.5135229748130916
117,118,0.004077298747015276,0.5040648747708264,0.49185782648215876
118,119,0.4510110719979223,0.5174138094515162,0.03157511855056126
119,120,0.40236479913891043,0.4826117244365462,0.1150234764245433
120,121,0.3643982697664117,0.3526743311254592,0.2829273991081292
121,122,0.33754263736181955,0.30533668051533447,0.3571206821228459
122,123,0.307858322259638,0.39100554897973255,0.30113612876062934
123,124,0.20479712702114064,0.4622522180053777,0.3329506549734818
124,125,0.4753655082899729,0.46678558627635913,0.05784890543366824
125,126,0.5172602820151477,0.46822137370391687,0.014518344280935354
126,127,0.5029117683159925,0.48963887009416585,0.007449361589841308
127,128,0.4472368680870906,0.3956856942032102,0.15707743770969904
128,129,0.4302032854226719,0.18693353794099682,0.38286317663633096
129,130,0.3800174254617005,0.31655346355488123,0.3034291109834188
130,131,0.28438229449260205,0.5269423380348109,0.18867536747258723
131,132,0.35625004035002245,0.2751252165156208,0.3686247431343565
132,133,0.38991441620566397,0.15923663272982397,0.45084895106451284
133,134,0.4143561165067977,0.11614497966725246,0.46949890382594944
134,135,0.4524981752686034,0.21854207042941876,0.32895975430197816
135,136,0.43584153489793276,0.3187037701526507,0.24545469494941674
136,137,0.4250233235597053,0.0709749029963969,0.5040017734438975
137,138,0.4355605727006168,0.12976291568101692,0.43467651161836607
138,139,0.480072406877246,0.07130326676920577,0.44862432635354854
139,140,0.47022342279546264,0.12108236961872207,0.40869420758581526
140,141,0.49776017553390944,0.1315807488413318,0.37065907562475875
141,142,0.5024624798888588,0.00040255805641527264,0.4971349620547257
142,143,0.08329684658284439,0.44697031860669245,0.46973283481046374
143,144,0.18312389344798594,0.4128956877586154,0.40398041879339913
144,145,0.46909217592260477,0.48453986498424284,0.04636795909315311
145,146,0.5930699859615985,0.12222631779891885,0.2847036962394824
146,147,0.47378700092248394,0.07820506730937916,0.44800793176813647
147,148,0.50048385711153,0.42163582087369345,0.07788032201477674
148,149,0.4957051196453743,0.43590072455151047,0.06839415580311518
149,150,0.4432948499558433,0.5431356186331335,0.01356953141102322
150,151,0.22699038164226296,0.5151590030776234,0.25785061528011294
151,152,0.5311826739647335,0.364755120744578,0.10406220529068834
152,153,0.4851549141532649,0.33375846434688333,0.18108662149985155
153,154,0.36818146971154603,0.19356533160814415,0.4382531986803098
154,155,0.35520063345792213,0.5119820092132241,0.1328173573288538
155,156,0.5106538412854453,0.2827664789688347,0.20657967974571972
156,157,0.5129456232371302,0.4809619746680128,0.006092402094857215
157,158,0.4968955546657243,0.12689012240988018,0.3762143229243957
158,159,0.2805697725818396,0.27637676350911583,0.44305346390904454
159,160,0.5342635527776757,0.04980271555214512,0.41593373167017916
160,161,0.4836601199573718,0.44656892270355697,0.06977095733907136
161,162,0.5322488103114311,0.396728158108009,0.07102303158055984
162,163,0.5138230496287156,0.43288626826672993,0.053290682104554815
163,164,0.4015027609801742,0.34878339449362894,0.24971384452619586
164,165,0.4274934887926243,0.3295487463436043,0.2429577648637713
165,166,0.38210337874095285,0.3331091815111132,0.2847874397479338
166,167,0.419747554207214,0.37481280658727295,0.20543963920551334
167,168,0.38343190524778353,0.3578112500614675,0.258756844690749
168,169,0.4015755591619258,0.5001009676252117,0.09832347321286242
169,170,0.5058747576942588,0.4547620171281794,0.03936322517756237
170,171,0.4272534841393358,0.2748577526135944,0.2978887632470694
171,172,0.4144468951896426,0.11964250397250421,0.46591060083785407
172,173,0.4884456397162579,0.013771348937926333,0.4977830113458157
173,174,0.47482230160157235,0.016292535024671786,0.5088851633737562
174,175,0.5037759726169322,0.40842502966325317,0.08779899771981439
175,176,0.1888058102621189,0.34933212837101785,0.46186206136686425
176,177,0.48254996106806497,0.18987229817164872,0.32757774076028645
177,178,0.48011248740456436,0.29063757472351115,0.2292499378719246
178,179,0.5496527469799254,0.32185000200487185,0.12849725101520307
179,180,0.4683919749620859,0.22062163399023826,0.3109863910476761
180,181,0.4489407267105408,0.032845871181540746,0.5182134021079183
181,182,0.5086176751334921,0.07304772382946274,0.418334601037045
182,183,0.45961436180249216,0.16066352799531713,0.3797221102021906
183,184,0.4925440046316809,0.005273567605338506,0.5021824277629804
184,185,0.3319765842813234,0.10557114389128944,0.562452271827387
185,186,0.39643777878598185,0.5205783662253795,0.08298385498863865
186,187,0.4552282650663468,0.26787232752302176,0.27689940741063135
187,188,0.46083832759518967,0.06029886558551501,0.4788628068192954
188,189,0.2954458437485089,0.4277017937832193,0.27685236246827183
189,190,0.4298435744723071,0.5326434907397253,0.03751293478796701
190,191,0.5411584500212768,0.05775124375480653,0.40109030622391667
191,192,0.5567215698891637,0.023164049795059916,0.4201143803157767
192,193,0.39382455686850126,0.4428210674190211,0.16335437571247738
193,194,0.31580318066136986,0.26458655507333784,0.4196102642652914
