,Window_Index,Loading_Temperature_Prop,Loading_force_Prop,Loading_Voltage_Prop
0,1,0.4385460878212438,0.4487945035778592,0.11265940860089703
1,2,0.3409092484394769,0.4776887481502087,0.18140200341031446
2,3,0.4195462600742172,0.4872631311076597,0.0931906088181233
3,4,4.272907714985601e-05,0.498709948360028,0.5012473225628227
4,5,0.4601584827685804,0.5080589262185955,0.03178259101282446
5,6,0.4295490538793978,0.22512847769988814,0.34532246842071407
6,7,0.33606082101772194,0.41098953209002276,0.2529496468922548
7,8,0.4255457867733647,0.4003162495287713,0.17413796369786416
8,9,0.2455674473334425,0.433434771191128,0.3209977814754299
9,10,0.14666279915007757,0.4844915609019475,0.36884563994797487
10,11,0.38198749969401735,0.11548151681503341,0.5025309834909493
11,12,0.49857007718823093,0.28574158387248083,0.215688338939288
12,13,0.44856102103755247,0.37063740855348243,0.18080157040896522
13,14,0.45084574102451425,0.43531236262094475,0.11384189635454074
14,15,0.49784306239156895,0.4833432778603731,0.018813659748057765
15,16,0.4998750288345218,0.500088472754488,3.649841098977046e-05
16,17,0.4996952943488811,0.47755268327306716,0.02275202237805155
17,18,0.4088130113822097,0.41631052777947825,0.17487646083831235
18,19,0.4971423347899811,0.4882164689784988,0.014641196231520015
19,20,0.3649849171708198,0.3868131278552283,0.2482019549739527
20,21,0.39432124195348245,0.41626108255369404,0.18941767549282307
21,22,0.4767967825538942,0.4222824540040362,0.10092076344207018
22,23,0.457134981149849,0.4603754915700629,0.08248952728008808
23,24,0.4542276118215337,0.40842080692673777,0.13735158125172825
24,25,0.4371289670965468,0.3767800139956265,0.18609101890782653
25,26,0.4925893870282229,0.49819442215449716,0.00921619081727974
26,27,0.5055261863082942,0.48740672059834833,0.00706709309335672
27,28,0.5180643528495271,0.47584451489091456,0.006091132259558218
28,29,0.4910419577699282,0.4701450176013133,0.03881302462875874
29,30,0.431047341763075,0.43220059009681844,0.13675206814010674
30,31,0.45403908511964797,0.4808319315290842,0.06512898335126836
31,32,0.492351375885743,0.4987085679688299,0.008940056145427113
32,33,0.49262380525972255,0.4894412946683396,0.01793490007193751
33,34,0.44409350046173124,0.4480436990678235,0.10786280047044566
34,35,0.46766830553724514,0.47388223120736506,0.05844946325538953
35,36,0.4113419977655301,0.5033648430720974,0.08529315916237239
36,37,0.5001098459699257,0.4998060931422793,8.406088779515738e-05
37,38,0.4773418370062789,0.4602459630905856,0.062412199903134895
38,39,0.49810769242328007,0.4923359695310659,0.009556338045654108
39,40,0.3411766497574523,0.41320811070229807,0.24561523954024997
40,41,0.49245342946000853,0.4541625071939897,0.053384063346001535
41,42,0.4946871999414585,0.41867387969092346,0.08663892036761817
42,43,0.4979630225996387,0.3845510820740491,0.11748589532631229
43,44,0.3285098908094933,0.5829189141325978,0.08857119505790918
44,45,0.4277285451847076,0.4289144202862982,0.14335703452899465
45,46,0.48267599063733485,0.49426168566908496,0.02306232369357991
46,47,0.5394574885854619,0.05145083408243156,0.4090916773321064
47,48,0.506589070458451,0.4930814332257407,0.0003294963158088151
48,49,0.48174307893135726,0.4870888520120447,0.03116806905659838
49,50,0.49902559896562665,0.4994893564678401,0.0014850445665332784
50,51,0.5197229315269799,0.38913098669980656,0.09114608177321334
51,52,0.47820854376032007,0.30078413241021124,0.22100732382946933
52,53,0.4870736695068151,0.4838416872834576,0.0290846432097275
53,54,0.4952029147671135,0.5000288392579956,0.004768245974890495
54,55,0.4403462148620638,0.4717903876102928,0.08786339752764358
55,56,0.44004968750601076,0.5044291514974686,0.055521160996520165
56,57,0.26340959107729556,0.5205063580927608,0.21608405082994372
57,58,0.4982950564283331,0.5012708351859735,0.00043410838569361626
58,59,0.38694674574223714,0.4319507300619338,0.18110252419582848
59,60,0.34253496732592204,0.42734915072462887,0.23011588194944896
60,61,0.32893700615420074,0.3334655902588942,0.33759740358690465
61,62,0.3005226232789426,0.36488383915679806,0.3345935375642597
62,63,0.24348229689892145,0.38869023758431365,0.3678274655167653
63,64,0.1801772962962733,0.5524724403157586,0.2673502633879687
64,65,0.24575555914221897,0.3835582287476001,0.37068621211018105
65,66,0.2831182115305903,0.34822061465959103,0.3686611738098188
66,67,0.30108753782449127,0.3072045927550924,0.39170786942041597
67,68,0.3785268838626904,0.2920892216913371,0.32938389444597166
68,69,0.34074211135980537,0.3272384949360443,0.33201939370415035
69,70,0.33499386585925467,0.3335966242669323,0.3314095098738131
70,71,0.33439279669563493,0.33420941580262986,0.3313977875017354
71,72,0.33418075761198485,0.3336634823937178,0.332155759994297
72,73,0.33374262396715104,0.33378096254202644,0.33247641349082285
73,74,0.33473944246796095,0.33326403919657144,0.33199651833546767
74,75,0.33524971965178024,0.33267793336650436,0.33207234698171606
75,76,0.3351912442933738,0.3340155158559114,0.3307932398507149
76,77,0.3340400939954104,0.33664652973100856,0.3293133762735809
77,78,0.33623985804440837,0.3369116810181469,0.3268484609374447
78,79,0.34006093933488346,0.3357973095989236,0.3241417510661935
79,80,0.3352264980465072,0.3453352767055943,0.31943822524789844
80,81,0.25588569722691723,0.3864293750012123,0.35768492777187105
81,82,0.2598669402906239,0.37445440172902617,0.36567865798034954
82,83,0.3529851522791804,0.3340742630934457,0.31294058462737384
83,84,0.35263471637019855,0.3284297025215684,0.31893558110823317
84,85,0.34828708889893795,0.3373654699332982,0.314347441167764
85,86,0.27522724252864095,0.4074439826203187,0.3173287748510401
86,87,0.34610121249948655,0.39802742076198705,0.2558713667385272
87,88,0.34245512055898325,0.400286624487423,0.2572582549535938
88,89,0.3284612568158258,0.35193153922678355,0.31960720395739056
89,90,0.37971200437561137,0.35516289706948373,0.2651250985549046
90,91,0.5318687531739626,0.3464980013311005,0.121633245494937
91,92,0.4972592501831871,0.48697525196305524,0.015765497853757818
92,93,0.36407977238396344,0.4397475457371207,0.1961726818789156
93,94,0.3798661597884041,0.40683430888779515,0.213299531323801
94,95,0.46913802522448667,0.5036770507472315,0.027184924028282147
95,96,0.19710228925736986,0.342099317104397,0.4607983936382328
96,97,0.16520889300978886,0.3532527386544518,0.4815383683357595
97,98,0.483063574851418,0.4513519265361683,0.06558449861241339
98,99,0.40440494464135845,0.4301474836404574,0.16544757171818342
99,100,0.4131640909105151,0.3544666796887808,0.2323692294007038
100,101,0.5074490903977223,0.49177611917444836,0.0007747904278295868
101,102,0.5007070696560266,0.4992601283827779,3.280196119513883e-05
102,103,0.46190466443211103,0.512732745192506,0.02536259037538331
103,104,0.054199606584106705,0.5599743395644281,0.38582605385146485
104,105,0.47283704331533244,0.520951898786222,0.006211057898445795
105,106,0.5027996735125215,0.49329534555451154,0.0039049809329670363
106,107,0.1629904026832177,0.43486156846632457,0.40214802885045753
107,108,0.28937911635328284,0.36839025590852387,0.34223062773819357
108,109,0.415914145418735,0.4052746241777202,0.17881123040354494
109,110,0.35745711483618736,0.3667563584683215,0.27578652669549125
110,111,0.40959095874258705,0.4371096611419895,0.153299380115423
111,112,0.486670803133321,0.016344687607147152,0.49698450925953164
112,113,0.09273403450745414,0.5660404636682906,0.34122550182425565
113,114,0.5050556301705319,0.4943423966876776,0.0006019731417899862
114,115,0.33606033567606036,0.3975798233687064,0.2663598409552332
115,116,0.50642598251976,0.4899978614462933,0.003576156033946695
116,117,0.41846888474819616,0.1428661157461317,0.43866499950567245
117,118,0.38218286131080537,0.10847073885809609,0.5093463998310992
118,119,0.33242652946618856,0.24527572895088476,0.4222977415829266
119,120,0.49937795529859474,0.4944877953907981,0.006134249310607703
120,121,0.4400467586452465,0.46627917606185143,0.09367406529290143
121,122,0.4499631798153581,0.2081163435296466,0.3419204766549951
122,123,0.41887201954629333,0.3843608731310295,0.19676710732267705
123,124,0.45695646204800805,0.4838392063616867,0.059204331590304145
124,125,0.47938375763616736,0.04540952499177806,0.47520671737205455
125,126,0.44306316441150734,0.08418199431707445,0.47275484127141904
126,127,0.5087041863701129,0.48676986122986426,0.004525952400022583
127,128,0.4946146491438877,0.49293736248716286,0.012447988368949964
128,129,0.4280243484162501,0.3206511977389364,0.25132445384481356
129,130,0.3234535505193197,0.3463191571571014,0.3302272923235791
130,131,0.3530200977602992,0.4956874027549038,0.15129249948479634
131,132,0.41911853849179115,0.3201718876527133,0.2607095738554954
132,133,0.21252561959635813,0.14650340948028517,0.6409709709233569
133,134,0.2862314079107721,0.34909890890847173,0.3646696831807559
134,135,0.3462796520636912,0.3139729508799353,0.3397473970563738
135,136,0.4974694198493201,0.5019732383001873,0.000557341850493016
136,137,0.35638654256147373,0.5910669250509614,0.05254653238756514
137,138,0.50168145819472,0.3444432384635336,0.1538753033417467
138,139,0.32223377409666404,0.44839603646087783,0.2293701894424582
139,140,0.3557020487407922,0.48949323122033395,0.15480472003887316
140,141,0.4764204044682357,0.5035227574752935,0.02005683805647072
141,142,0.3817071148599903,0.4035582566292809,0.2147346285107297
142,143,0.5119421991649151,0.4716205193519232,0.016437281483161714
143,144,0.38147304254868364,0.38528809324613655,0.23323886420518003
144,145,0.5431367315906458,0.09838539518409542,0.35847787322525815
145,146,0.36383907618737543,0.21750982115540493,0.41865110265721994
146,147,0.3998589145403505,0.11600964023665725,0.4841314452229925
147,148,0.3725646089627417,0.08076035201623138,0.5466750390210273
148,149,0.4219131375209444,0.25516040111793786,0.32292646136111747
149,150,0.4926879329381691,0.0558210356262448,0.4514910314355861
150,151,0.3334423524915519,0.24459005360917263,0.4219675938992753
151,152,0.007488036060666523,0.48878091595135614,0.5037310479879775
152,153,2.4364858197086775e-05,0.49990802918775284,0.50006760595405
153,154,0.46560928633864695,0.17481591275284034,0.3595748009085132
154,155,0.31693281484492475,0.4354348152479096,0.24763236990716575
155,156,0.37715189357106366,0.3936095230032711,0.22923858342566575
156,157,0.4183479025550449,0.19316607757765578,0.38848601986729914
157,158,0.47723408877449963,0.00410001131505763,0.5186658999104427
158,159,0.4073881952598136,0.24257173924772535,0.35004006549246064
159,160,0.47693722353389295,0.05499917317595794,0.4680636032901483
160,161,0.46360498643650644,0.1387349597095626,0.39766005385393055
161,162,0.4619456653164289,0.037128117728333646,0.5009262169552376
162,163,0.2625867038849332,0.10467366141198214,0.6327396347030849
163,164,0.4510574958440116,0.11817171342264554,0.43077079073334223
164,165,0.5148398032748225,0.24821831812903206,0.2369418785961452
165,166,0.17321048338416145,0.5243875079794644,0.30240200863637434
166,167,0.2941694060837568,0.3424154982554578,0.363415095660785
167,168,0.24645917473063342,0.351425340719903,0.402115484549463
168,169,0.475565712037297,0.4275613638092029,0.09687292415350059
169,170,0.10872808276802332,0.41912376777720306,0.47214814945477335
170,171,0.3958599432473358,0.22152785926441157,0.38261219748825215
171,172,0.3580265519194903,0.2151521625668183,0.426821285513692
172,173,0.41557091887779135,0.2666195877755003,0.31780949334670827
173,174,0.171783043520654,0.4233709794864781,0.404845976992868
174,175,0.42756439779096905,0.08157624666142592,0.49085935554760474
175,176,0.024946876979680677,0.47203355136059044,0.5030195716597281
176,177,0.38308363128375567,0.22513206109779424,0.39178430761845073
177,178,0.49895662815438274,0.00012279206351573189,0.5009205797821017
178,179,0.43027258723200196,0.1887590022663288,0.3809684105016694
179,180,0.3224901318819737,0.2875204093702489,0.38998945874777713
180,181,0.3324762008544442,0.5464136822931587,0.12111011685239735
181,182,0.1468125290694334,0.386396003954322,0.46679146697624474
182,183,0.4886620711556315,0.08595837864340614,0.42537955020096235
183,184,0.06832402790312976,0.5079138801294966,0.42376209196737374
184,185,0.4180434184815486,0.3552165111225594,0.22674007039589186
185,186,0.5246688612682805,0.44553055601612584,0.029800582715593785
186,187,0.4038794236102445,0.2846780122176239,0.3114425641721318
187,188,0.25451188893857474,0.3024997669375376,0.4429883441238867
188,189,0.4150862709705488,0.05162619753173344,0.533287531497718
189,190,0.5021074942727155,0.0022059957009240828,0.4956865100263606
190,191,0.5394298793432364,0.39019031008429333,0.07037981057247002
191,192,0.5024849814201084,0.1540945864646182,0.34342043211527334
192,193,0.3933671800240213,0.49795066240997166,0.10868215756600695
193,194,0.3927391069031508,0.2645592137402446,0.34270167935660495
194,195,0.48795072025028285,0.07260732551554956,0.43944195423416743
195,196,0.45363833159838196,0.08994550403976777,0.45641616436184973
196,197,0.44562749988358336,0.0921909897482978,0.46218151036811855
