,Window_Index,Loading_Temperature_Prop,Loading_force_Prop,Loading_Voltage_Prop
0,1,0.5001671255393804,0.49961125968045367,0.00022161478016593272
1,2,0.43376545418708284,0.43600827596968145,0.1302262698432358
2,3,0.46332092887163656,0.4414894774867477,0.0951895936416159
3,4,0.5102148338030903,0.48435784887659766,0.005427317320311549
4,5,0.43405841585070104,0.4468020788623377,0.11913950528696181
5,6,0.48666542922814254,0.4858380512245442,0.02749651954731316
6,7,0.3945316196924042,0.4376723745108318,0.16779600579676443
7,8,0.49971481162654097,0.500228373751479,5.681462198006e-05
8,9,0.5133938084974906,0.48121860430779845,0.005387587194710649
9,10,0.49231981256460644,0.5001291113598506,0.007551076075543261
10,11,0.44087209776111563,0.43668656697245023,0.12244133526643358
11,12,0.39384890804455747,0.4449665330245086,0.16118455893093364
12,13,0.270801115353958,0.5647280991686485,0.1644707854773934
13,14,0.5146558810444228,0.47950318261344094,0.005840936342136253
14,15,0.425931404108543,0.48711972486136695,0.08694887103009014
15,16,0.5043139103809332,0.001156315750367002,0.4945297738687001
16,17,0.5000051197083526,0.4940083905450638,0.0059864897465833995
17,18,0.4992691508597564,0.5000693078317593,0.0006615413084838838
18,19,0.5356364842706869,0.2672553883519458,0.19710812737736746
19,20,0.5105753838852786,0.47037509195493266,0.01904952415978835
20,21,0.48953010914474904,0.5047664639928342,0.0057034268624168785
21,22,0.44358765607057904,0.501989722965153,0.05442262096426781
22,23,0.4530546517672652,0.4911110711410235,0.05583427709171128
23,24,0.3241456486467065,0.3838117150089886,0.29204263634430466
24,25,0.41701680235256683,0.09356164417409933,0.4894215534733334
25,26,0.0013436647797414308,0.4946020566699448,0.5040542785503132
26,27,0.5556807066698013,0.22245662900132032,0.22186266432887805
27,28,0.4013977132518438,0.5027492168427591,0.09585306990539667
28,29,0.49796490763618734,0.4975346437263495,0.004500448637463712
29,30,0.3875530026143058,0.5138967265324341,0.09855027085325926
30,31,0.4677390340070963,0.5107079714495175,0.021552994543386383
31,32,0.46843916606391306,0.4883083277433137,0.04325250619277312
32,33,0.489451926334595,0.13085681725727208,0.3796912564081325
33,34,0.5119345985979613,0.4700900313207311,0.0179753700813078
34,35,0.4478391822618259,0.3765317564525517,0.17562906128562297
35,36,0.50647009345578,0.46010600792916306,0.03342389861505737
36,37,0.5408074499117018,0.3934679813375395,0.06572456875075823
37,38,0.5010594034118959,0.49174067673020533,0.007199919857898914
38,39,0.48947155653319296,0.48915505057072356,0.021373392896083036
39,40,0.44057793616350366,0.44668565149593564,0.11273641234056087
40,41,0.4852253286506989,0.48970857438726767,0.02506609696203297
41,42,0.45542515943198547,0.46261993033872123,0.08195491022929301
42,43,0.3504246847976869,0.5980014782922727,0.05157383691004075
43,44,0.5356305218321491,0.18992073434152165,0.2744487438263293
44,45,0.40750937015755445,0.5176886844826988,0.07480194535974699
45,46,0.36076533875557737,0.4150236670932108,0.224210994151212
46,47,0.469664719621425,0.4959450457397116,0.034390234638862954
47,48,0.49889797276448045,0.5002308136064771,0.0008712136290420734
48,49,0.4306842362148276,0.4672093697027399,0.10210639408243317
49,50,0.501600710880152,0.49831604109770145,8.324802214733503e-05
50,51,0.47255533676048334,0.44727807185716334,0.0801665913823536
51,52,0.2231730965957522,0.1731718770284093,0.6036550263758383
52,53,0.5283618495536684,0.3984042591171158,0.07323389132921576
53,54,0.09063654729876251,0.43392534355843765,0.4754381091427998
54,55,0.2844773642996649,0.366550587404692,0.3489720482956432
55,56,0.299857748234216,0.36981928215450793,0.33032296961127533
56,57,0.23806118472015625,0.43845750419047663,0.3234813110893673
57,58,0.33926732628378387,0.33963719602198905,0.3210954776942276
58,59,0.33795110025971387,0.34154156701160926,0.32050733272867676
59,60,0.33622686802280116,0.33861624246407346,0.32515688951312643
60,61,0.338391011630103,0.3438411070844082,0.3177678812854889
61,62,0.33891745265421475,0.36781843095395844,0.2932641163918276
62,63,0.36383599630366836,0.3685320518081657,0.26763195188816635
63,64,0.3361729150847883,0.32920831564864084,0.3346187692665706
64,65,0.34734052426575324,0.3111564755541824,0.3415030001800645
65,66,0.4083987393455415,0.16818912364811386,0.42341213700634445
66,67,0.3905552901406218,0.23615199831768266,0.3732927115416951
67,68,0.34941774430699,0.3143519970729091,0.33623025862010103
68,69,0.48849486783890844,0.3448211607114501,0.16668397144964137
69,70,0.36751951442417985,0.4283309874283641,0.20414949814745537
70,71,0.40697657254404335,0.5247554235924484,0.06826800386350795
71,72,0.5011801586002685,0.011205562084863969,0.4876142793148672
72,73,0.5298196050043191,0.4622189878259343,0.007961407169746923
73,74,0.48567781659850806,0.4856938853528389,0.028628298048653227
74,75,0.3860856153298718,0.3648522528693158,0.24906213180081224
75,76,0.40180618512294886,0.3784428634582191,0.21975095141883155
76,77,0.3077766431537068,0.41594399256316966,0.27627936428312344
77,78,0.4589369994494814,0.46479187741747274,0.07627112313304635
78,79,0.23526179970047556,0.5583546396829483,0.20638356061657603
79,80,5.240324442052002e-64,0.5000000000000003,0.4999999999999998
80,81,2.033954073421592e-61,0.499999999999998,0.5000000000000013
81,82,4.841163962798362e-61,0.4999999999999993,0.5000000000000007
82,83,3.738119474447812e-61,0.5000000000000001,0.5000000000000007
83,84,2.3146555514340897e-61,0.4999999999999996,0.4999999999999996
84,85,3.419373549182757e-63,0.5000000000000001,0.5000000000000002
85,86,5.484137734743954e-61,0.5000000000000002,0.4999999999999999
86,87,1.621030799306941e-61,0.5000000000000001,0.5000000000000007
87,88,5.871539044002489e-61,0.4999999999999996,0.5000000000000001
88,89,1.1735201510425605e-61,0.5000000000000001,0.5000000000000001
89,90,1.569629553717628e-60,0.49999999999999944,0.5000000000000002
90,91,4.1351108948560264e-61,0.5000000000000003,0.4999999999999999
91,92,0.3299525262963516,0.37067007739308494,0.2993773963105636
92,93,0.3468458905663659,0.3434530147467627,0.30970109468687224
93,94,0.31921757214332136,0.32940857708534216,0.3513738507713363
94,95,0.448644721592517,0.3615298114779476,0.18982546692953578
95,96,0.4996703499099242,0.4920368660520304,0.008292784038045183
96,97,0.44979873445376467,0.41644534585479154,0.13375591969144388
97,98,0.3373575191490545,0.31922883317318246,0.3434136476777634
98,99,0.3402145219482203,0.3336760004629747,0.32610947758880526
99,100,0.3485511420148754,0.3479782119702228,0.30347064601490215
100,101,0.47237019903509747,0.45354756665837026,0.0740822343065322
101,102,0.36698662965617107,0.4008656759201506,0.2321476944236776
102,103,0.38381817226429776,0.307013842380897,0.3091679853548049
103,104,0.3336277259131358,0.334715094297197,0.3316571797896673
104,105,0.3340482759694476,0.3371281524865022,0.3288235715440501
105,106,0.33292345625799014,0.3366600239250292,0.3304165198169809
106,107,0.35502983227960533,0.35076033950634306,0.29420982821405156
107,108,0.34518457806441394,0.35221527739945513,0.3026001445361312
108,109,0.2943344602205973,0.3385348721595775,0.3671306676198247
109,110,0.27014365026393244,0.31982038501895094,0.41003596471711673
110,111,0.3422618242078198,0.33593064878147,0.32180752701071014
111,112,0.3226321006422415,0.3560875682302256,0.32128033112753324
112,113,0.2887080466225495,0.43035926355705223,0.28093268982039793
113,114,0.4172821115508179,0.13117600096476179,0.45154188748442
114,115,0.27973682387463916,0.3183511700419939,0.40191200608336697
115,116,0.3089581117070757,0.32056259924393,0.3704792890489943
116,117,0.31440771477233964,0.346069493409165,0.33952279181849576
117,118,0.32586073063760873,0.3612757453692998,0.3128635239930916
118,119,0.33837517662158095,0.3540225761259876,0.30760224725243146
119,120,0.3253868915306138,0.3468443798514329,0.3277687286179529
120,121,0.5043317261696115,0.00021598016158753326,0.4954522936688008
121,122,0.4512403845805456,0.2071673011887474,0.341592314230707
122,123,0.2775733906679526,0.3187548015736006,0.40367180775844697
123,124,0.31021953544976033,0.35266972355173143,0.3371107409985084
124,125,0.3150105476011948,0.3372760670294617,0.34771338536934304
125,126,0.33546483688251094,0.3264884707798523,0.3380466923376365
126,127,0.32708557961317264,0.3391846147405468,0.3337298056462807
127,128,0.26178473868311697,0.4368354479783514,0.3013798133385315
128,129,3.8691883532604924e-61,0.49999999999999895,0.5000000000000006
129,130,1.730532694378413e-60,0.5000000000000001,0.5000000000000001
130,131,1.9911743014402137e-60,0.5000000000000009,0.4999999999999999
131,132,1.2415357843898615e-61,0.5000000000000003,0.4999999999999998
132,133,4.4162383480874047e-63,0.5000000000000001,0.4999999999999999
133,134,6.4562791579305404e-62,0.5000000000000001,0.5000000000000002
134,135,5.7314678163421256e-61,0.4999999999999999,0.4999999999999996
135,136,3.098670375158658e-61,0.5000000000000001,0.4999999999999999
136,137,1.7538744964089793e-60,0.5000000000000002,0.5000000000000003
137,138,1.395818953362878e-60,0.5000000000000003,0.4999999999999996
138,139,2.25394286448313e-60,0.5000000000000002,0.4999999999999998
139,140,2.0622445604882082e-61,0.5000000000000001,0.4999999999999999
140,141,2.1150817093277288e-60,0.5000000000000003,0.4999999999999999
141,142,2.2385810473296854e-60,0.5000000000000002,0.5000000000000002
142,143,4.9039934311215604e-61,0.49999999999999944,0.5000000000000001
143,144,9.318896275374349e-61,0.4999999999999996,0.5000000000000009
144,145,4.9442425443495585e-61,0.4999999999999996,0.49999999999999944
145,146,3.918379002990453e-61,0.4999999999999998,0.4999999999999998
146,147,5.814839584229325e-61,0.4999999999999998,0.5000000000000003
147,148,5.923861100592171e-60,0.4999999999999998,0.5000000000000003
148,149,9.537633173252596e-61,0.5000000000000001,0.5000000000000001
149,150,2.4485542794186712e-60,0.499999999999998,0.5000000000000021
150,151,1.8482590697867502e-61,0.5000000000000003,0.5000000000000001
151,152,3.856291471146326e-61,0.5000000000000001,0.5000000000000001
152,153,7.354420943157723e-60,0.5000000000000017,0.49999999999999833
153,154,2.477418054615492e-61,0.5000000000000002,0.49999999999999944
154,155,8.200337312525753e-61,0.5000000000000003,0.4999999999999999
155,156,1.462748018514016e-60,0.5000000000000003,0.4999999999999999
156,157,3.632173220795763e-61,0.5000000000000002,0.4999999999999999
157,158,1.1114393926772235e-61,0.49999999999999817,0.5000000000000017
158,159,2.58528625301007e-60,0.5000000000000007,0.5000000000000001
159,160,3.1337309246184665e-91,0.49999999999999895,0.500000000000001
160,161,1.845400899914008e-60,0.5000000000000007,0.4999999999999999
161,162,8.112746182553507e-62,0.5000000000000003,0.4999999999999998
162,163,2.678170040466351e-61,0.4999999999999996,0.5000000000000003
163,164,9.887060371633968e-62,0.4999999999999996,0.5000000000000006
164,165,2.267131581557022e-63,0.5000000000000002,0.4999999999999999
165,166,4.153759385028685e-60,0.5000000000000002,0.5000000000000002
166,167,5.546193882515195e-64,0.4999999999999998,0.5000000000000002
167,168,1.4680564558724355e-60,0.4999999999999998,0.5000000000000006
168,169,1.4093954235057704e-60,0.4999999999999999,0.5000000000000003
169,170,1.0728781635234376e-61,0.4999999999999999,0.4999999999999999
170,171,1.59551879312212e-62,0.5000000000000006,0.4999999999999999
171,172,1.3787884044142406e-61,0.5000000000000002,0.4999999999999996
172,173,7.310952679415324e-63,0.4999999999999999,0.5000000000000001
173,174,1.191692419410788e-60,0.5000000000000006,0.4999999999999996
174,175,1.087477944262925e-61,0.5000000000000002,0.4999999999999999
175,176,5.1942880287717525e-61,0.5000000000000001,0.4999999999999999
176,177,6.209535600346178e-62,0.5000000000000002,0.5000000000000001
177,178,4.401040595693872e-65,0.5000000000000002,0.4999999999999999
178,179,3.868251926196071e-62,0.5000000000000001,0.4999999999999998
179,180,5.06180903229271e-63,0.4999999999999999,0.4999999999999999
180,181,1.8509527125562516e-61,0.4999999999999999,0.4999999999999999
181,182,1.1599901131029143e-61,0.5000000000000001,0.5000000000000003
182,183,4.13480287534535e-61,0.4999999999999999,0.4999999999999999
183,184,2.485084302016014e-61,0.4999999999999999,0.5000000000000001
184,185,2.6704695254950758e-62,0.5000000000000002,0.5000000000000001
185,186,1.1942236850124859e-60,0.4999999999999996,0.5000000000000003
186,187,1.6123794968147922e-60,0.5000000000000006,0.5000000000000003
187,188,1.3893275692626195e-60,0.5000000000000002,0.4999999999999998
188,189,1.7171388523068427e-61,0.5000000000000002,0.4999999999999996
189,190,1.0954339725400557e-60,0.5000000000000007,0.4999999999999996
190,191,1.1153208389029865e-62,0.5000000000000001,0.5000000000000002
191,192,1.1924711053836446e-60,0.4999999999999919,0.5000000000000082
192,193,2.2655278970380484e-61,0.4999999999999998,0.5000000000000001
193,194,4.827713854935617e-62,0.49999999999999895,0.5000000000000003
194,195,2.1162349952372591e-63,0.4999999999999999,0.4999999999999999
195,196,3.751279567208927e-61,0.5000000000000001,0.4999999999999999
196,197,8.307982936354147e-61,0.4999999999999993,0.5000000000000009
197,198,6.7948612693045e-61,0.5000000000000003,0.4999999999999998
198,199,1.1019544445727296e-60,0.4999999999999999,0.5000000000000001
199,200,1.2506407369632065e-62,0.4999999999999996,0.5000000000000003
200,201,4.927164882094899e-62,0.4999999999999949,0.5000000000000051
201,202,1.7582546826827458e-60,0.5000000000000009,0.4999999999999998
202,203,8.468731005860413e-63,0.4999999999999999,0.4999999999999998
203,204,2.855645524113906e-61,0.5000000000000002,0.4999999999999996
204,205,1.1731596642417657e-61,0.5000000000000001,0.5000000000000003
205,206,4.776076451881043e-62,0.4999999999999999,0.5000000000000001
206,207,2.1152412634775546e-60,0.4999999999999999,0.5000000000000001
207,208,2.743455943406208e-61,0.5000000000000006,0.4999999999999999
208,209,1.7798151288881416e-61,0.4999999999999999,0.4999999999999998
209,210,1.5710619490886889e-62,0.4999999999999999,0.4999999999999998
210,211,2.2972273400830486e-60,0.4999999999999996,0.4999999999999999
211,212,4.1831508653392664e-61,0.4999999999999998,0.5000000000000002
212,213,0.0,0.4999999999999998,0.5000000000000002
213,214,1.4382339834083164e-60,0.5000000000000002,0.4999999999999998
214,215,1.820680389392236e-61,0.4999999999999996,0.4999999999999999
215,216,0.0,0.4999999999999998,0.5000000000000002
216,217,4.79480917909134e-61,0.5000000000000001,0.4999999999999998
217,218,3.1976535307472973e-62,0.5000000000000007,0.5000000000000002
218,219,1.3077092632121836e-60,0.4999999999999999,0.4999999999999999
219,220,6.080378064940128e-62,0.4999999999999998,0.49999999999999944
220,221,0.059882212337143276,0.4704619603166563,0.4696558273462003
221,222,0.18586987414217643,0.40616221526069884,0.40796791059712456
222,223,0.296567987015463,0.3555598002374897,0.3478722127470475
223,224,0.32410313716748745,0.33839536398259096,0.3375014988499215
224,225,0.3290722783557421,0.3353487388172167,0.33557898282704157
225,226,0.3270157961468563,0.3372734124690402,0.3357107913841045
226,227,0.33135390667300213,0.3340349410994107,0.33461115222758764
227,228,0.3309799981604834,0.33406904915681007,0.3349509526827066
228,229,0.33163006698574155,0.33497639406553503,0.33339353894872403
229,230,0.3315035101934655,0.3347179663203129,0.3337785234862216
230,231,0.3332526607122773,0.3331276137159815,0.3336197255717417
231,232,0.33352476104472667,0.33290102408052985,0.33357421487474354
232,233,0.3331732167607947,0.33325749122066534,0.33356929201854024
233,234,0.33340241486250494,0.332956078626763,0.3336415065107315
234,235,0.3338946155395009,0.33278187386609037,0.33332351059440907
235,236,0.3338527277002446,0.3328400831184461,0.33330718918130897
236,237,0.3331493156566621,0.33334125397377684,0.3335094303695606
237,238,0.3332856635687319,0.33350890480190776,0.3332054316293604
238,239,0.3337925843218889,0.33277160287582713,0.33343581280228374
239,240,0.3337773431446562,0.33296429783822956,0.3332583590171143
240,241,0.33333272874236364,0.3334766622878381,0.33319060896979835
241,242,0.33376036788430224,0.3332421250425002,0.3329975070731974
242,243,0.3339771583439843,0.332318933101878,0.3337039085541386
243,244,0.3341897260417194,0.33204702416139315,0.33376324979688754
244,245,0.33431061048846206,0.33167788930694475,0.33401150020459314
245,246,0.33744022308664756,0.32986591088599837,0.332693866027355
246,247,0.3356039105925734,0.3299470660094778,0.3344490233979491
247,248,0.3347896382664024,0.329587643487369,0.33562271824622797
248,249,0.33381746896604175,0.33070308150563466,0.33547944952832337
249,250,0.333406533836389,0.33047238364212217,0.3361210825214886
250,251,0.33262897745656006,0.3306602359436926,0.33671078659974774
251,252,0.332776184812039,0.3305792899953386,0.3366445251926232
252,253,0.3330689530931724,0.3301824657652745,0.33674858114155276
253,254,0.33530359062582676,0.32937530463187026,0.3353211047423034
254,255,0.33557296734804093,0.33058509496243654,0.3338419376895227
255,256,0.33621574251697933,0.3297976303353834,0.33398662714763727
256,257,0.33435567842105235,0.3314083123277736,0.3342360092511738
257,258,0.335376008301762,0.32975561710467993,0.3348683745935581
258,259,0.33579136590216696,0.32889568846266903,0.33531294563516384
259,260,0.33599280080485455,0.3292817337778013,0.33472546541734444
260,261,0.335397595793462,0.3306238189427951,0.333978585263743
261,262,0.33609357857098804,0.3297728634647458,0.3341335579642667
262,263,0.33516496957246644,0.3269090782604135,0.33792595216712035
263,264,0.3343690968234616,0.3269034860418377,0.3387274171347005
264,265,0.33653481077519803,0.3263136041877412,0.3371515850370611
265,266,0.3365014609749955,0.32887844861608023,0.33462009040892426
266,267,0.33624986766770815,0.32793917231209924,0.33581096002019256
267,268,0.3368428374644978,0.3280039230267588,0.3351532395087433
268,269,0.33715241612173463,0.3265262927270222,0.3363212911512432
269,270,0.33809246528276343,0.3225178180314966,0.3393897166857396
270,271,0.3445392215745955,0.31061804745197724,0.3448427309734273
271,272,0.34468680108230243,0.30949014969576943,0.3458230492219286
272,273,0.33533282883177135,0.3285232756535979,0.33614389551463064
273,274,0.3348308727950534,0.32861747857770474,0.3365516486272423
274,275,0.33471917843890464,0.3296480173333189,0.33563280422777636
275,276,0.3347725188706981,0.32935628703027175,0.3358711940990296
276,277,0.33588007921784796,0.3267838354648521,0.3373360853172999
277,278,0.33571835698623315,0.32803014424489746,0.3362514987688697
278,279,0.33630350665394015,0.3272017159482839,0.33649477739777583
279,280,0.34023662660778364,0.32093585912589806,0.33882751426631785
280,281,0.339107227760048,0.3140291508612052,0.3468636213787471
281,282,0.3395528931506933,0.3145681893069176,0.34587891754238875
282,283,0.342089502995465,0.3090443418962787,0.3488661551082561
283,284,0.34083940786554734,0.3150661307726174,0.3440944613618358
284,285,0.33960286323650285,0.3209229992704571,0.33947413749304023
285,286,0.3368168179925834,0.31935567676407517,0.34382750524334105
286,287,0.34175569754101814,0.3075013145763573,0.3507429878826243
287,288,0.33885702354761754,0.3157470426440901,0.3453959338082924
288,289,0.33714557315468824,0.3236949418163827,0.3391594850289294
289,290,0.33704245242299324,0.3227527149153798,0.3402048326616267
290,291,0.33879683151062207,0.318665995307704,0.34253717318167454
291,292,0.3383532568278748,0.3220748017206917,0.3395719414514339
292,293,0.342474493208492,0.3157582675760042,0.3417672392155037
293,294,0.33899991000293384,0.3221749985627294,0.3388250914343364
294,295,0.3411636562367056,0.31861855841709874,0.34021778534619596
295,296,0.34385421575225145,0.3097482949291511,0.3463974893185969
296,297,0.34610229895305183,0.3098508452566385,0.34404685579030975
297,298,0.3362522950733672,0.324911515511576,0.3388361894150572
298,299,0.3384727485958883,0.32192882441689497,0.3395984269872176
299,300,0.34101852320035564,0.31454400490058565,0.34443747189905877
300,301,0.3498375984070617,0.30163704510560957,0.3485253564873283
301,302,0.34824360781591035,0.3064814019478977,0.345274990236192
302,303,0.35394455914355705,0.2925472570640177,0.3535081837924257
303,304,0.36355626464803453,0.2763434657087115,0.36010026964325376
304,305,0.3558133478629629,0.2883185858978699,0.35586806623916695
305,306,0.35672053436753154,0.28744546615541544,0.3558339994770531
306,307,0.3656587369166243,0.26946673827217493,0.36487452481120003
307,308,0.38074582033161847,0.23330569665199583,0.3859484830163856
308,309,0.34937199569740934,0.30052499248528836,0.3501030118173026
309,310,0.3388065398799527,0.31918785609055284,0.3420056040294951
310,311,0.3539157154853634,0.2965637888941913,0.34952049562044535
311,312,0.4858251542186505,0.02606291531949399,0.48811193046185536
312,313,0.49646776929093217,0.008784914532256048,0.4947473161768117
313,314,0.4203038004568849,0.14781934753620368,0.4318768520069118
314,315,0.4098900910004347,0.17899466986931806,0.41111523913024695
315,316,0.37825426765366577,0.24638999130366784,0.37535574104266584
316,317,0.38917497498961046,0.21943189304067273,0.3913931319697171
317,318,0.3808615142528408,0.23548603215500752,0.38365245359215144
318,319,0.4532757675859053,0.09600041141121478,0.4507238210028801
319,320,0.492194804308678,0.016906372183467362,0.4908988235078546
320,321,0.4949312238974378,0.007743237740781856,0.4973255383617801
321,322,0.47722675505601064,0.04587437545913013,0.47689886948485966
322,323,0.45656180270480445,0.0870911133948574,0.4563470839003381
323,324,0.4986469567862123,0.002984694402759006,0.4983683488110295
324,325,0.39687058128218927,0.22266311881653642,0.38046629990127445
325,326,0.4669647185097722,0.08289322004117612,0.45014206144905144
326,327,0.4328087014268877,0.14128075665136045,0.4259105419217515
327,328,0.3676002014823521,0.26531123117846944,0.3670885673391788
328,329,0.3849954490332145,0.22804242662486993,0.3869621243419161
329,330,0.36570863589771513,0.2618272317718161,0.3724641323304692
330,331,0.34376292467556313,0.3087431754803474,0.3474938998440905
331,332,0.40141193677945164,0.19584429737808143,0.40274376584246624
332,333,0.49155578713373066,0.01805738170741793,0.49038683115885195
333,334,0.48059498097165837,0.04965739860183251,0.4697476204265087
334,335,0.3534226783249461,0.2971039010055237,0.34947342066952947
335,336,0.3819008487309034,0.2452296598657924,0.3728694914033039
336,337,0.42606892206165253,0.15218198514941628,0.42174909278893147
337,338,0.3907741657637621,0.221302650226928,0.38792318400930975
338,339,0.4128761258443069,0.17519159317358865,0.4119322809821045
339,340,0.3918130543086914,0.2161279509984579,0.39205899469285127
340,341,0.3888158151104156,0.22344458568645245,0.3877395992031321
341,342,0.378265414146623,0.26034035940644296,0.36139422644693386
342,343,0.3653394227195995,0.2773338165249077,0.3573267607554922
343,344,0.43492275606938,0.1315875344137262,0.433489709516893
344,345,0.42060395045072224,0.16166569097913475,0.4177303585701428
345,346,0.43336942756817837,0.13980464373947185,0.42682592869234937
346,347,0.4627088727658707,0.0901741323365946,0.4471169948975341
347,348,0.38599460767418037,0.23015613585521347,0.3838492564706059
