,Window_Index,Loading_Temperature_Prop,Loading_force_Prop,Loading_Voltage_Prop
0,1,0.45072896280360575,0.5400879138743051,0.009183123322089199
1,2,0.04353844636080375,0.46210380317245203,0.4943577504667452
2,3,0.4939830264083061,0.05620127577909411,0.4498156978125998
3,4,0.5072097691463194,0.006767017343947017,0.4860232135097335
4,5,0.31369368596576647,0.37972987297213556,0.30657644106209786
5,6,0.5014213792557135,0.49832471168730386,0.00025390905698256225
6,7,0.2773340098572779,0.5028174012634026,0.21984858887931882
7,8,0.49834716346499774,0.003516060278114023,0.498136776256888
8,9,0.5068585216183863,0.41143116653445766,0.08171031184715623
9,10,0.4983723970232777,0.5004526160281385,0.00117498694858409
10,11,0.32851792929347656,0.4953365907473348,0.17614547995918836
11,12,0.33349595669486476,0.47076399207240077,0.1957400512327348
12,13,0.42563606349622185,0.49633883738316414,0.07802509912061355
13,14,0.5022581297475534,0.3111788598680246,0.18656301038442158
14,15,0.45744547376160416,0.43028572584663133,0.11226880039176464
15,16,0.37742635207739383,0.43238733194334017,0.19018631597926508
16,17,0.352313115879232,0.38467688735590905,0.2630099967648601
17,18,0.41884261280612717,0.4164199323433269,0.16473745485054578
18,19,0.4832809943323264,0.4346116881086018,0.08210731755907184
19,20,0.3438333632676539,0.48641121902961515,0.16975541770273078
20,21,0.4766096108359083,0.48877734986862253,0.034613039295469335
21,22,0.19693909865813108,0.4476372732883112,0.35542362805355765
22,23,0.16416659312921178,0.4719407208910251,0.3638926859797628
23,24,0.3894856933968812,0.43846319680685564,0.1720511097962638
24,25,0.3803861264625456,0.5157049093293613,0.10390896420809384
25,26,0.33014795235410305,0.26811103460403624,0.40174101304186055
26,27,0.4484218106887956,0.41839100748147384,0.13318718182973066
27,28,0.4710699038241398,0.472113096740257,0.05681699943560255
28,29,0.5042799514076117,0.4856752588553662,0.010044789737021763
29,30,0.49381650095658824,0.5000841756911572,0.006099323352254247
30,31,0.0012023323375672296,0.49647208886804045,0.5023255787943921
31,32,0.4699061257010155,0.46516743756693457,0.06492643673204994
32,33,0.5203101927076677,0.005043946225734765,0.4746458610665978
33,34,0.24760628925753198,0.2974015613947722,0.454992149347696
34,35,0.21672002476592336,0.4310203233919146,0.35225965184216235
35,36,0.4973505261064682,0.5021650580459456,0.00048441584758565995
36,37,0.4478003481868774,0.4560476526270188,0.09615199918610333
37,38,0.4984192475317103,0.5001231024439319,0.0014576500243575516
38,39,0.496637931568751,0.06049942185322384,0.44286264657802515
39,40,0.4779202073200963,0.40674254352635497,0.11533724915354869
40,41,0.47580810407780183,0.41222122000109257,0.11197067592110575
41,42,0.4598778882628418,0.4924249250292652,0.047697186707892886
42,43,0.48803486034990246,0.5012579310894572,0.010707208560640455
43,44,0.39715692109938694,0.4768289123499506,0.1260141665506623
44,45,0.3511090291432896,0.590322812796333,0.058568158060377414
45,46,0.45479541240811494,0.4463721573968306,0.09883243019505422
46,47,0.5041024545393966,0.4955649585767661,0.00033258688383738685
47,48,0.44124899474219614,0.5127084271004906,0.04604257815731294
48,49,0.4940713334126576,0.5025835245639022,0.003345142023440668
49,50,0.2566039855776725,0.523533287609533,0.21986272681279448
50,51,0.5000444162178177,0.49971702656131534,0.00023855722086668518
51,52,0.5019808272353644,0.4932620332228322,0.004757139541803169
52,53,0.1534481543939384,0.4256098805487564,0.420941965057305
53,54,0.44784929301244475,0.3327782747941904,0.21937243219336522
54,55,0.47963194610725385,0.4891583237998326,0.0312097300929135
55,56,0.49776130598117563,0.498133401822923,0.004105292195901621
56,57,0.3660026856276083,0.5327696905252083,0.10122762384718387
57,58,0.4915732547708128,0.4928612580769279,0.015565487152259671
58,59,0.42129999588496597,0.4165971308915621,0.1621028732234723
59,60,0.5177991427621131,0.4516849053910925,0.030515951846794707
60,61,0.5326422107059764,0.015402664882183259,0.4519551244118398
61,62,0.4788491373360383,0.37207132222575606,0.14907954043820532
62,63,0.39179103930538955,0.1289282115352888,0.47928074915932134
63,64,0.3038835417711067,0.44079046162016483,0.2553259966087288
64,65,0.16360927993721722,0.31220876601577274,0.5241819540470097
65,66,0.25567351942950844,0.3939990313977863,0.3503274491727058
66,67,0.32870464892893936,0.34248850530307334,0.32880684576798763
67,68,0.3299069178904195,0.3462416990250276,0.32385138308455297
68,69,0.3264134145530515,0.3457449394850777,0.327841645961871
69,70,0.3226230172572227,0.3633848154933518,0.3139921672494259
70,71,0.3755835165165838,0.42359024728446787,0.20082623619894827
71,72,0.5025846055990235,0.47439008483956646,0.023025309561410193
72,73,0.3649068912216474,0.3221107844205855,0.31298232435776696
73,74,0.43675027786655385,0.4239815769239641,0.13926814520948164
74,75,0.4693567303304857,0.47297466531181015,0.05766860435770463
75,76,0.4873433621183059,0.4665232544357665,0.04613338344592737
76,77,0.4515188916587195,0.244847858457322,0.30363324988395896
77,78,0.3679592344875458,0.48342936246540275,0.14861140304705156
78,79,0.4998919255016491,0.5001019717216741,6.102776676675311e-06
79,80,0.4974643116798835,0.49633959853311027,0.006196089787005578
80,81,0.4996985068319053,0.4992274424176869,0.0010740507504080235
81,82,0.4925731101268868,0.4946323413551991,0.01279454851791352
82,83,0.44447915145444405,0.4477724803455903,0.10774836819996594
83,84,0.45085977560595764,0.4567478088987337,0.09239241549530838
84,85,0.49974102534606574,0.4987480848783741,0.0015108897755603942
85,86,0.5146144140227743,0.4818057426520328,0.003579843325193506
86,87,0.41516962385684475,0.48230059530368347,0.10252978083947151
87,88,0.5000818875920058,0.49991569889432946,2.413513664634635e-06
88,89,0.4855360906816736,0.5040145775579566,0.010449331760369005
89,90,0.3316212269420789,0.4221760566171719,0.24620271644074868
90,91,0.02992774569020151,0.4832250622324743,0.4868471920773249
91,92,0.35984032102385494,0.4855432939104169,0.15461638506572914
92,93,0.4733308457631121,0.485401691336486,0.04126746290040213
93,94,0.5094439678590628,0.49012414200776033,0.00043189013317691577
94,95,0.4688607599058262,0.46399917275949604,0.06714006733467759
95,96,0.3778531446023686,0.44606153113636204,0.1760853242612695
96,97,0.3242482738977383,0.46072961911698307,0.21502210698527885
97,98,0.1363442967149044,0.4461881598608619,0.417467543424233
98,99,0.4787252762494493,0.5021578379425378,0.019116885808012508
99,100,0.3580610318384572,0.45322058131772214,0.18871838684382028
100,101,0.31067686407604594,0.49933259924064477,0.1899905366833094
101,102,0.0172768928452321,0.4741950415091285,0.5085280656456395
102,103,0.28309267705768276,0.3915528847881021,0.32535443815421505
103,104,0.0036547610694558125,0.49145110199941705,0.504894136931127
104,105,0.486366525756834,0.45644083834944654,0.0571926358937198
105,106,0.4298617888476284,0.3860097452986171,0.18412846585375436
106,107,0.38007894349318744,0.39732450125852853,0.2225965552482844
107,108,0.49824190639485544,0.49170621152950184,0.0100518820756426
108,109,0.470461678150811,0.5137629713675679,0.015775350481621424
109,110,0.18557360215015206,0.3167615549415576,0.49766484290829016
110,111,0.33192985241700473,0.3877017762356399,0.2803683713473556
111,112,0.24821345422371976,0.39820965513127277,0.3535768906450071
112,113,0.4071813319249719,0.4228175818396415,0.17000108623538668
113,114,0.5266605475650455,0.43694648338569814,0.036392969049256006
114,115,0.48224293987403205,0.48853558924333385,0.029221470882634364
115,116,0.44276869284445153,0.4690344150625555,0.08819689209299313
116,117,0.3568971413857786,0.47641611320460553,0.1666867454096156
117,118,0.3065629728162207,0.4603343809034775,0.23310264628030142
118,119,0.3475189369052315,0.3668247552693403,0.28565630782542867
119,120,0.38202536298498474,0.37772682071816,0.24024781629685518
120,121,0.01885190535659284,0.5116464518650016,0.46950164277840584
121,122,0.11874838163140129,0.5045580118370698,0.37669360653152834
122,123,0.4968977566820918,0.5025346887943343,0.000567554523573893
123,124,0.6280374856225,0.19420980722816825,0.17775270714933167
124,125,0.11262393389132047,0.5217004594981096,0.36567560661056997
125,126,0.013875251760879847,0.5321242558011005,0.45400049243801993
126,127,0.3718059442224917,0.4812557485127814,0.14693830726472665
127,128,0.07990428346455863,0.47224576802097684,0.44784994851446414
128,129,0.49018029533289714,0.5076604177835263,0.0021592868835764185
129,130,0.4511172759310239,0.496901989851566,0.05198073421741029
130,131,0.13675256608944128,0.3602109327426217,0.5030365011679373
131,132,0.42551980499788167,0.40654920569242314,0.1679309893096951
132,133,0.19597907728564257,0.4518399515656782,0.3521809711486797
133,134,0.29515913010404476,0.4074395790454049,0.2974012908505495
134,135,0.2843477313321624,0.4254502309719561,0.290202037695882
135,136,0.49690828509247836,0.45702235963053,0.046069355276991845
136,137,0.12309275759919272,0.44366564809837855,0.43324159430242876
137,138,0.4064144161473477,0.4229347884345878,0.17065079541806494
138,139,0.42291211992574984,0.4065328125463759,0.17055506752787467
139,140,0.43321376666337,0.41352165034051025,0.1532645829961192
140,141,0.12450089400130462,0.35464778788247625,0.520851318116219
141,142,0.49556235566217255,0.49031572519652794,0.01412191914129992
142,143,0.5013692479333793,0.4916988925789734,0.0069318594876468876
143,144,0.29215925281890803,0.5145512061694651,0.19328954101162665
144,145,0.1014933655217354,0.46855222888776793,0.42995440559049763
145,146,0.1886844325686275,0.43289515722237326,0.3784204102089996
146,147,0.48168824930494863,0.516779315836711,0.0015324348583403227
147,148,0.22596221421057566,0.42038542023484604,0.3536523655545785
148,149,0.37967573865122395,0.46479413952272297,0.1555301218260532
149,150,0.4109231736783781,0.4722234887373416,0.11685333758428058
150,151,0.3699159859970813,0.4324123930389506,0.19767162096396784
151,152,0.357094955348525,0.4199807869871009,0.2229242576643739
152,153,0.40753326635311454,0.440705100087562,0.1517616335593235
153,154,0.015513114953373727,0.5129321051779071,0.4715547798687193
154,155,0.4263215901900134,0.4349287377079811,0.13874967210200498
155,156,0.28717508435913985,0.46326226925453323,0.24956264638632775
156,157,0.10042658781355558,0.4488510993729774,0.45072231281346703
157,158,0.06507855374913422,0.5175934713603312,0.41732797489053414
158,159,0.2886383065510766,0.4512724833117002,0.26008921013722297
159,160,0.42500462227706126,0.4334316137565688,0.14156376396636947
160,161,0.002187278553234023,0.4983973711143216,0.49941535033244333
161,162,0.41876870220588475,0.43460536075664646,0.1466259370374685
162,163,0.3881307450182455,0.4760205076784706,0.13584874730328364
163,164,0.45781435503683904,0.5047554690626079,0.03743017590055301
164,165,0.39938581356167946,0.5396783622167951,0.0609358242215256
165,166,0.43955494918430604,0.35623979223537755,0.2042052585803171
166,167,0.04050125142220878,0.5552150481937271,0.40428370038406397
167,168,0.47523590009044686,0.48660645317753,0.03815764673202301
168,169,0.492999908424093,0.49231359756785137,0.014686494008055273
169,170,0.49764464715299445,0.4974664677018434,0.004888885145162503
170,171,0.4938514548965632,0.49060157307613655,0.015546972027301067
171,172,0.4307325895304238,0.49861296335453437,0.07065444711504139
172,173,0.4934835733889859,0.49625932315115423,0.010257103459860369
173,174,0.2307132582567558,0.5526310920741997,0.21665564966904413
174,175,0.1216701411791023,0.4588619413087439,0.4194679175121535
175,176,0.03904691544555356,0.49058724117659336,0.4703658433778529
176,177,0.009660041733572699,0.4920643537036022,0.498275604562825
177,178,0.13840592238440996,0.40815765526051945,0.45343642235507015
178,179,0.3138373733003565,0.504661493062361,0.1815011336372824
179,180,0.4968879494774411,0.48831856615479974,0.014793484367759147
180,181,0.47260192328834205,0.049093940154280966,0.4783041365573769
181,182,0.49375026451713244,0.0025661978947538982,0.5036835375881138
182,183,0.48716637485051134,0.4587405059623534,0.054093119187135066
183,184,0.4811943977021736,0.4723809633560648,0.046424638941761825
184,185,0.4747366331972819,0.42166246926551926,0.1036008975371986
185,186,0.41719027124432634,0.328744647888286,0.2540650808673873
186,187,0.23369180326125366,0.4159010292370278,0.35040716750171813
187,188,0.4137555307175356,0.1412756671039072,0.4449688021785565
188,189,0.46523838127891015,0.41437426648044495,0.12038735224064427
189,190,0.4799454200626321,0.48891406974670604,0.031140510190661486
190,191,0.49438525642789927,0.4982584263501027,0.00735631722199803
