,Window_Index,Loading_Temperature_Prop,Loading_force_Prop,Loading_Voltage_Prop
0,1,0.4533135443779799,0.4765216383455609,0.07016481727645967
1,2,0.5087205028955593,0.4903945880154068,0.0008849090890336035
2,3,0.2891045760478695,0.323086662192142,0.3878087617599884
3,4,0.3083739115868291,0.34285143089083037,0.3487746575223397
4,5,0.5165805015553032,0.05115204003364889,0.4322674584110477
5,6,0.49923372871876615,0.00044862321575213663,0.5003176480654822
6,7,0.48663842531587626,0.004110967299843756,0.50925060738428
7,8,0.5341971212660993,0.3538787858697098,0.11192409286419079
8,9,0.4131541365989558,0.5299432604774837,0.05690260292356025
9,10,0.3617014499054813,0.5691310493225771,0.06916750077194175
10,11,0.07433987952232397,0.48135848666867026,0.44430163380900556
11,12,0.2650915750445992,0.5512802158782315,0.1836282090771698
12,13,0.4124188127506817,0.5244046034183882,0.06317658383092993
13,14,0.49553094215181387,0.5004734916128952,0.003995566235290687
14,15,0.26741886130857884,0.24325821100102363,0.4893229276903983
15,16,0.46539428806652844,0.351592328712613,0.18301338322085894
16,17,0.5112151516261093,0.47552030601382633,0.013264542360064663
17,18,0.48043284849035534,0.4090366079677061,0.11053054354193798
18,19,0.41775170920377075,0.4919419346562748,0.09030635613995401
19,20,0.38247191597779145,0.2435180153221705,0.3740100687000376
20,21,0.1453076435317747,0.42505609075129863,0.42963626571692687
21,22,0.11997012470733384,0.4663421194815605,0.4136877558111065
22,23,0.4049615730393893,0.3027021030130007,0.29233632394760994
23,24,0.49789494067386136,0.3557921496552613,0.14631290967087732
24,25,0.45230845197579694,0.3937822302477116,0.1539093177764912
25,26,0.4863867613223054,0.49130510187637744,0.022308136801317435
26,27,0.5139278289212937,0.471751680335181,0.014320490743525054
27,28,0.41830908794756405,0.35253662931895563,0.22915428273348043
28,29,0.4908786654302008,0.44454853993942123,0.06457279463037821
29,30,0.5005615314582879,0.4989159925012474,0.0005224760404643321
30,31,0.45695361752220454,0.43514969419985755,0.10789668827793772
31,32,0.4672966117713235,0.20437122738809058,0.3283321608405861
32,33,0.47813854839887415,0.44158995139369284,0.08027150020743253
33,34,0.5007300034164512,0.49869411363043453,0.0005758829531137088
34,35,0.45340445710350735,0.3811887264168026,0.16540681647968994
35,36,0.4998866972536172,0.039115525458562984,0.4609977772878195
36,37,0.5037566737254103,0.49325479309917236,0.0029885331754172287
37,38,0.4686328331727629,0.34057098405428693,0.19079618277295032
38,39,0.4841267311329977,0.5000109122225428,0.015862356644459726
39,40,0.46490633680113175,0.4241131723008104,0.11098049089805775
40,41,0.5016421907394507,0.49805742681452486,0.00030038244602435474
41,42,0.4569460417166694,0.5020552547869158,0.04099870349641471
42,43,0.3666731123416189,0.17661285125434148,0.45671403640404
43,44,0.420759967049533,0.4920067602960451,0.08723327265442153
44,45,0.48966653643968167,0.5012564337570129,0.009077029803305756
45,46,0.49223376706845684,0.48192399120915286,0.02584224172239038
46,47,0.4967075440134483,0.4791793969937742,0.024113058992777988
47,48,0.45192334330224,0.33176056561856243,0.21631609107919753
48,49,0.38152868846511157,0.36196707357286473,0.25650423796202426
49,50,0.44843714336691165,0.4248967976541651,0.1266660589789235
50,51,0.38718379374184775,0.3984546124053112,0.21436159385284084
51,52,0.3230868247295436,0.36889798419122305,0.308015191079233
52,53,0.3174910864980133,0.36868224487019924,0.31382666863178776
53,54,0.2961357467979925,0.41129745098171344,0.29256680222029413
54,55,0.34213603018745686,0.337533065741699,0.32033090407084397
55,56,0.3537067422578502,0.33939504351938055,0.3068982142227691
56,57,0.38105496476550726,0.3630250396807185,0.2559199955537741
57,58,0.4514035241832622,0.4333864913575829,0.11520998445915502
58,59,0.45933422050173034,0.4734775154037357,0.06718826409453357
59,60,0.4239395667749992,0.3348672588942649,0.2411931743307361
60,61,0.2565317213596827,0.4619108174293434,0.28155746121097447
61,62,0.12130939011866637,0.4328106319031596,0.445879977978174
62,63,0.28253423072671036,0.4156775404141633,0.3017882288591259
63,64,0.4999719845050956,0.5000264086007422,1.6068941623115409e-06
64,65,0.0005890739444611363,0.4918721357522007,0.5075387903033381
65,66,0.012451957902009486,0.4971522270419041,0.49039581505608637
66,67,0.3000811169589941,0.37287433423535427,0.3270445488056519
67,68,0.3380704668510311,0.36530680106272984,0.29662273208623985
68,69,0.4759496008419884,0.5077616803572669,0.01628871880074522
69,70,0.36985751911087783,0.4169290583695728,0.21321342251954956
70,71,0.37089115213181917,0.39659401555371554,0.2325148323144651
71,72,0.4317150660708982,0.37947022030116506,0.18881471362793645
72,73,0.3090734905722836,0.3451442533634412,0.3457822560642751
73,74,0.2988260848585629,0.5177293042794942,0.18344461086194278
74,75,0.49234152117601276,0.23551423963991178,0.2721442391840753
75,76,0.4761516071731999,0.16298978299262334,0.360858609834177
76,77,0.0957072730345745,0.3577785180082161,0.5465142089572098
77,78,0.32268802202461655,0.346950038940325,0.3303619390350582
78,79,0.33494574029094265,0.3574482013994674,0.3076060583095894
79,80,0.41367689640610306,0.45918625105952604,0.1271368525343704
80,81,0.5140302132444695,0.006737195467952656,0.47923259128757756
81,82,0.35877426397102674,0.33657802246024854,0.30464771356872417
82,83,0.3385079759719464,0.42630275577068844,0.23518926825736491
83,84,0.35622326704431384,0.281248451817179,0.3625282811385071
84,85,0.34870064194070716,0.3175578716940364,0.3337414863652571
85,86,0.3891834872422427,0.223590966733603,0.3872255460241547
86,87,0.4625431457484864,0.04089444331201878,0.496562410939495
87,88,0.49809839715532506,0.11215330761128209,0.38974829523339305
88,89,0.3748354740964566,0.2912639004312632,0.33390062547228055
89,90,0.4050788921235453,0.2571958713576034,0.3377252365188513
90,91,0.390796009988477,0.24722745941887883,0.3619765305926437
91,92,0.37359117023511673,0.2877592279954273,0.33864960176945647
92,93,0.33328058153691886,0.31144738607076194,0.3552720323923195
93,94,0.49587340739478214,0.023789084351841263,0.48033750825337623
94,95,0.35972504528786126,0.3102124845614244,0.33006247015071416
95,96,0.36760556402348155,0.2928456773089659,0.3395487586675522
96,97,0.4653747852671414,0.07308088333514601,0.46154433139771295
97,98,0.5002259753194507,0.00028725865724931035,0.4994867660232996
98,99,0.23917033554625078,0.2879987169267333,0.47283094752701615
99,100,0.24726210957446934,0.33221372015606965,0.4205241702694616
100,101,0.3367542976485414,0.25499380893240614,0.40825189341905116
101,102,0.1299285300538404,0.3399540450713813,0.5301174248747785
102,103,0.357042750593046,0.36339747441952536,0.2795597749874286
103,104,0.3625362126082748,0.36388904421142726,0.27357474318029784
104,105,0.2967588531728654,0.4415758245111692,0.2616653223159659
105,106,0.23911305114028542,0.3408198811656245,0.4200670676940903
106,107,0.3081815228990361,0.30932929964028893,0.38248917746067507
107,108,0.3218584271859934,0.21695028410388467,0.4611912887101217
108,109,0.4563454060712366,0.10729130481102307,0.4363632891177406
109,110,0.3672978403161742,0.26539720551827434,0.3673049541655521
110,111,0.35227800414292443,0.30382458258610595,0.343897413270969
111,112,0.48693137475528975,0.05427662136504488,0.45879200387966557
112,113,0.4802454973893681,0.03300217488685579,0.48675232772377636
113,114,0.4932742949967458,0.019353427588139866,0.4873722774151152
114,115,0.48076423695733794,0.48305316324444525,0.03618259979821668
115,116,0.3969438585310449,0.38764839128443807,0.2154077501845169
116,117,0.33397608854545086,0.37047992678113323,0.2955439846734158
117,118,0.006868553998665175,0.48081242028293697,0.5123190257183975
118,119,0.3651620655795166,0.5591337278035579,0.07570420661692608
119,120,0.4955283536175498,0.4880733927859235,0.016398253596526375
120,121,0.38782313334634894,0.3857095802460689,0.22646728640758235
121,122,0.2907410462532034,0.4414317713466405,0.2678271824001561
122,123,0.45056272339161746,0.15582670332174972,0.39361057328663285
123,124,0.3448952731767348,0.3193266201636317,0.33577810665963376
124,125,0.34098334551594034,0.3279637733792541,0.33105288110480524
125,126,0.36304865949016174,0.28591685898681396,0.35103448152302513
126,127,0.39415593772578394,0.18666012533357343,0.419183936940642
127,128,0.30358347818103615,0.3322106492219052,0.36420587259705933
128,129,0.369161371201114,0.25668560307052196,0.3741530257283637
129,130,0.35286881840982975,0.2788591044378051,0.368272077152365
130,131,0.4203221589827415,0.17064203860737548,0.4090358024098833
131,132,0.5026330788865485,0.0001364872031504531,0.49723043391030125
132,133,0.309755931340274,0.37946062041428613,0.310783448245439
133,134,0.3576415188104835,0.28047037808421615,0.3618881031053001
134,135,0.4397059164781766,0.06818147973833583,0.49211260378348726
135,136,0.24342058226638655,0.2522298686729198,0.5043495490606934
136,137,0.337775360828606,0.46990973970175864,0.19231489946963523
137,138,0.3387904242920685,0.3742576688697535,0.2869519068381784
138,139,0.1818433768198364,0.42524686433298775,0.39290975884717577
139,140,0.24283052422001838,0.3966267534505636,0.3605427223294173
140,141,0.5843478799811186,0.28612629521348965,0.1295258248053914
141,142,0.3568065600790869,0.33864939766338764,0.3045440422575253
142,143,0.49458931280896584,0.5047579677268625,0.0006527194641720558
143,144,0.2024685364531737,0.5308095499124638,0.2667219136343621
144,145,0.45307081771224544,0.16814519093629793,0.3787839913514562
145,146,0.4875263881480181,0.09526775387209738,0.41720585797988463
146,147,0.40315902883348886,0.37706920483135986,0.21977176633515158
147,148,0.42470465635474774,0.34447492057920637,0.23082042306604553
148,149,0.4641544002980945,0.49920690596179706,0.036638693740108766
149,150,0.36276596331044275,0.3577849499990348,0.2794490866905224
150,151,0.3392289622156962,0.34385270069437573,0.31691833708992867
151,152,0.33191854859921693,0.3309531760429733,0.3371282753578097
152,153,0.31341427730210936,0.33911334549899774,0.34747237719889335
153,154,0.21362628119759147,0.3962337422940112,0.39013997650839694
154,155,0.5139662095825016,0.035051165703189426,0.45098262471430905
155,156,0.07887922459198711,0.4912710533920781,0.4298497220159349
156,157,0.5061028476813949,0.0006336397590623194,0.4932635125595429
157,158,0.028815081532637333,0.4805334105033305,0.49065150796403245
158,159,0.39494117284227465,0.4362500264745558,0.16880880068316975
159,160,0.4565505734791927,0.3642954997181037,0.1791539268027033
160,161,0.48468765974221417,0.4838732888101569,0.03143905144762908
161,162,0.42935317925565175,0.3920747042371086,0.17857211650724014
162,163,0.3344183847143201,0.3373169744816134,0.32826464080406587
163,164,0.332041884124835,0.3334161423190974,0.3345419735560678
164,165,0.3314117346697245,0.33308234172805595,0.33550592360221926
165,166,0.3324326814482611,0.3335243708509711,0.334042947700768
166,167,0.33710831586784135,0.32899072695990283,0.3339009571722557
167,168,0.3346156533944812,0.3302202471655802,0.3351640994399388
168,169,0.33431713327398177,0.33101237235866543,0.33467049436735274
169,170,0.33665430376277944,0.32787181765537937,0.335473878581841
170,171,0.33707094531044585,0.3266828118220761,0.3362462428674787
171,172,0.33593752766465024,0.327410457749697,0.33665201458565286
172,173,0.33460236550317723,0.33089394642553205,0.33450368807128994
173,174,0.3355860903702705,0.33043075477010225,0.3339831548596272
174,175,0.33541613436371964,0.33066157924115774,0.3339222863951226
175,176,0.3339679641193555,0.3315956428708867,0.3344363930097585
176,177,0.3339211746057252,0.33127960312959454,0.3347992222646811
177,178,0.33400305636224326,0.33057835518502593,0.33541858845273104
178,179,0.3329656888479889,0.3310202344203919,0.3360140767316191
179,180,0.33455331576906067,0.32775343636307863,0.3376932478678604
180,181,0.3342191787153543,0.3283989295588564,0.33738189172579
181,182,0.33501150046878403,0.3274750696424819,0.33751342988873473
182,183,0.33450108308843574,0.32932956023462523,0.3361693566769388
183,184,0.33467605728366706,0.3293101949193111,0.3360137477970221
184,185,0.3337379003935945,0.33104311794447194,0.3352189816619339
185,186,0.334697127098075,0.3280700075474846,0.3372328653544409
186,187,0.334899346603484,0.3266534636672737,0.3384471897292419
187,188,0.33400128963030157,0.3279754238429333,0.3380232865267659
188,189,0.33453483168284537,0.3298790126260765,0.3355861556910779
189,190,0.3338450487779606,0.32894915617302467,0.33720579504901443
190,191,0.33482407421593396,0.3277196519817363,0.3374562738023296
191,192,0.3347852596514456,0.3291826999557903,0.3360320403927636
192,193,0.3346286622462932,0.32869678153110754,0.3366745562225998
193,194,0.3342768396705319,0.32903158510757835,0.33669157522189
194,195,0.3355845063271359,0.32839271740928955,0.33602277626357463
195,196,0.3347803484474067,0.32985836766702414,0.3353612838855691
196,197,0.3347374433580313,0.33056839147691697,0.3346941651650521
197,198,0.336583493980643,0.32902312400715666,0.33439338201220037
198,199,0.3345948617190856,0.33071049860680934,0.3346946396741043
199,200,0.3343845038377812,0.33113791388300406,0.3344775822792153
200,201,0.3343283816607077,0.33139241137898406,0.3342792069603082
201,202,0.33458217678506547,0.3315432626133022,0.33387456060163306
202,203,0.33345030054310565,0.33256096065740726,0.3339887387994873
203,204,0.3336293999881964,0.3324745283802671,0.33389607163153695
204,205,0.3342316647004025,0.33125124120726723,0.33451709409232955
205,206,0.33465422038225784,0.3308932685669095,0.33445251105083273
206,207,0.33464688417390126,0.33096230081994243,0.33439081500615647
207,208,0.3341846837412026,0.33155106344275564,0.33426425281604166
208,209,0.33413751098754607,0.3317396501146249,0.33412283889782884
209,210,0.33413109904764887,0.33152748003602156,0.3343414209163295
210,211,0.3341514808556104,0.33118200267170433,0.3346665164726852
211,212,0.3347606115410819,0.33010107685462414,0.33513831160429436
212,213,0.33520224716680386,0.3292375259768948,0.33556022685630155
213,214,0.3347188107627318,0.33052709822666276,0.3347540910106053
214,215,0.33448581660120114,0.33052826437911464,0.33498591901968505
215,216,0.3344127687969156,0.33071258138894943,0.33487464981413484
216,217,0.3348762064608736,0.3294233015715465,0.3357004919675803
217,218,0.33596888362436045,0.3275539347518165,0.33647718162382273
218,219,0.3356110220778704,0.32847783845712053,0.33591113946500895
219,220,0.33530993021691596,0.32876348132738864,0.3359265884556955
220,221,0.336446462881748,0.3276567831076249,0.335896754010627
221,222,0.33774563100275173,0.32490092713475394,0.33735344186249394
222,223,0.33658483231723363,0.3276690233014051,0.33574614438136124
223,224,0.33574378111383435,0.3286783680619605,0.33557785082420566
224,225,0.3372277351438076,0.32650299805029975,0.33626926680589253
225,226,0.3369194790625469,0.3270339092238038,0.33604661171364875
226,227,0.3360717651268113,0.32687057588143686,0.3370576589917521
227,228,0.3353900755145772,0.3264141704943748,0.3381957539910481
228,229,0.3405139265870971,0.31734554710338386,0.3421405263095196
229,230,0.34948141953733725,0.30387612008599635,0.34664246037666635
