,Window_Index,Loading_Temperature_Prop,Loading_force_Prop,Loading_Voltage_Prop
0,1,0.41264459351075883,0.47491106147194834,0.11244434501729311
1,2,0.21977975934145297,0.36269720367356495,0.4175230369849815
2,3,0.03608793352046574,0.5388611751070476,0.4250508913724863
3,4,0.4699786778697711,0.4631948522716312,0.06682646985859794
4,5,0.5051621391401828,0.48027369550225046,0.014564165357567006
5,6,0.0954765553627031,0.5048564933758934,0.3996669512614039
6,7,0.13393241143822573,0.4900813157818752,0.3759862727798984
7,8,0.03824255143011483,0.49311072162309205,0.4686467269467928
8,9,0.03817531823420263,0.4178318018411449,0.5439928799246525
9,10,0.4670648657733875,0.43547829399373866,0.09745684023287358
10,11,0.4317869896924443,0.37319030345247434,0.1950227068550816
11,12,0.4406189643228312,0.37707989789596974,0.1823011377811989
12,13,0.40929687579134116,0.3851306210835615,0.20557250312509773
13,14,0.21880663081513269,0.3272906175298408,0.45390275165502597
14,15,0.4824782938625302,0.4504674067379403,0.06705429939953023
15,16,0.4100692239595184,0.45100351520535875,0.13892726083512308
16,17,0.48932258032966075,0.4970006186903982,0.013676800979940921
17,18,0.4637305546409319,0.5073471162225585,0.028922329136510556
18,19,0.03970522897859058,0.4927028756431233,0.4675918953782857
19,20,0.47017266854266015,0.4515974475770743,0.07822988388026603
20,21,0.4981097622659793,0.4922460437528966,0.00964419398112403
21,22,0.4917667180047794,0.49875525853879027,0.009478023456430505
22,23,0.5014568428541507,0.4984498956524879,9.3261493360743e-05
23,24,0.47099994511739296,0.5019461174513364,0.027053937431271134
24,25,0.13917642742985376,0.5220484095745229,0.3387751629956238
25,26,0.12489301312985865,0.44704691232363963,0.42806007454650113
26,27,0.5001284552641747,0.49986759824718285,3.9464886423317145e-06
27,28,0.3074915029773358,0.505608034553138,0.18690046246952616
28,29,0.4987176704378917,0.4940283199907718,0.0072540095713365125
29,30,0.36633324004945905,0.4876138094141182,0.14605295053642328
30,31,0.29220488132165606,0.42389052580800224,0.28390459287034253
31,32,0.479130390173788,0.510916200859487,0.009953408966724968
32,33,0.39344714539665104,0.41645091195947953,0.19010194264386948
33,34,0.46132310797784604,0.45397515363015944,0.0847017383919944
34,35,0.22117753860694517,0.39216458398841064,0.38665787740464386
35,36,0.47878177827668045,0.4935244378420449,0.027693783881274758
36,37,0.49677383594246616,0.5024197535685461,0.0008064104889877774
37,38,0.2811370079438494,0.43391512794192155,0.2849478641142286
38,39,0.433561501779225,0.4351633300754699,0.13127516814530554
39,40,0.3739294273940246,0.4343342099540402,0.19173636265193478
40,41,0.3430985584684081,0.5019798020205672,0.15492163951102444
41,42,0.5003130157370436,0.4995457753114749,0.0001412089514809171
42,43,0.4997694008115268,0.5001792352308592,5.136395761396661e-05
43,44,0.24325439529985896,0.24651625531044755,0.5102293493896933
44,45,0.5042344035506459,0.4935690563083413,0.00219654014101278
45,46,0.14577756255610785,0.5240445761864412,0.33017786125745147
46,47,0.4851039346495739,0.513308663680415,0.0015874016700111516
47,48,0.05563834661744312,0.4652052380289221,0.4791564153536351
48,49,0.386590899476157,0.5196826834131154,0.0937264171107277
49,50,0.4811966807542112,0.4560692353776469,0.06273408386814155
50,51,0.49897822621748117,0.46056464167350986,0.040457132109008975
51,52,0.44737968453176097,0.3093908519566198,0.24322946351161986
52,53,0.3229062735541094,0.360268981559285,0.31682474488660556
53,54,0.322691402678635,0.3661047633176317,0.31120383400373375
54,55,0.3099305840346591,0.4148463483841706,0.2752230675811703
55,56,0.3383272391680554,0.3404801440852573,0.3211926167466869
56,57,0.37421849214826414,0.33775952558737654,0.2880219822643591
57,58,0.4708690986995791,0.4878166228961286,0.04131427840429218
58,59,0.36500939107451696,0.30804288611519043,0.32694772281029233
59,60,0.45083847983105957,0.04405122750613443,0.5051102926628059
60,61,0.3540918091706,0.3881944042765504,0.25771378655284943
61,62,0.3673248843646639,0.3305735054493971,0.302101610185939
62,63,0.31323417043055857,0.4540981771501631,0.232667652419278
63,64,0.41864858646491976,0.3346958311701006,0.24665558236497928
64,65,0.4218622478164805,0.402369734209469,0.1757680179740503
65,66,0.3893938523261126,0.25399318037695,0.3566129672969375
66,67,0.487579245725881,0.015384800120241519,0.49703595415387775
67,68,0.4876181354668081,0.28262178586959025,0.22976007866360199
68,69,0.48240155172029714,0.4220405735277837,0.09555787475192
69,70,0.45579650976241143,0.3963702835308203,0.1478332067067684
70,71,0.3679111194318236,0.2467726583679975,0.3853162222001799
71,72,0.3695149311282907,0.25167470457315577,0.37881036429855325
72,73,0.3917514391251478,0.31451933792276954,0.29372922295208237
73,74,0.5087883864640574,0.45174919891062676,0.03946241462531608
74,75,0.334816501835546,0.3909829896375326,0.27420050852692146
75,76,0.43831512034825226,0.13212777453486657,0.429557105116881
76,77,0.4722333412975682,0.28735144329447543,0.24041521540795635
77,78,0.4755405987327991,0.4662672311251371,0.05819217014206378
78,79,0.40240377017109463,0.33762731690635184,0.25996891292255414
79,80,0.44812844855877976,0.1944372997653901,0.3574342516758297
80,81,0.5665755232459011,0.21010326837074614,0.2233212083833527
81,82,0.049931969963121804,0.4738430731034534,0.4762249569334248
82,83,0.462358578223172,0.49973879333905036,0.03790262843777767
83,84,0.49439283631113273,0.4685804868276716,0.037026676861195554
84,85,0.38884547874376424,0.3647023955467205,0.24645212570951508
85,86,0.38623693678334126,0.38521887225553453,0.22854419096112405
86,87,0.2743733671975001,0.3621081328984571,0.3635184999040429
87,88,0.15470627584598137,0.29624527401360956,0.5490484501404087
88,89,0.4852690762874195,0.4675415570637462,0.047189366648834045
89,90,0.36972728118739623,0.37124901960471124,0.2590236992078924
90,91,0.37464226382799043,0.40231178665224815,0.22304594951976187
91,92,0.44162214853607834,0.4950462552939127,0.06333159617000861
92,93,0.4299204437116558,0.3551801857467291,0.21489937054161556
93,94,0.3568948366460183,0.29002487896584905,0.35308028438813255
94,95,0.36477659469518975,0.35298703666491144,0.28223636863989887
95,96,0.38107591848079087,0.3463087650471415,0.272615316472068
96,97,0.37362169460894534,0.3310861309655973,0.2952921744254573
97,98,0.3630204932338903,0.32347130780085664,0.3135081989652534
98,99,0.3955065694915877,0.31761134707750643,0.286882083430906
99,100,0.42603016490075474,0.40362662674739463,0.1703432083518507
100,101,0.41372680726012634,0.48121149953786313,0.10506169320201067
101,102,0.39161073518021583,0.4186443161695283,0.1897449486502556
102,103,0.48773531533329323,0.4914535689992714,0.02081111566743566
103,104,0.3840426390723489,0.30926227416609736,0.3066950867615529
104,105,0.418916860456765,0.192516602469969,0.3885665370732659
105,106,0.39027463494027315,0.3041434987933814,0.3055818662663457
106,107,0.380217085629657,0.3564561565008536,0.26332675786948917
107,108,0.07997101559422438,0.46900361957728404,0.4510253648284915
108,109,0.4716083105920121,0.05949896130616999,0.468892728101818
109,110,0.3630392436207419,0.2813030997223333,0.3556576566569252
110,111,0.3571116570357343,0.3144310538171105,0.3284572891471552
111,112,0.35808658908433616,0.3088171745740504,0.3330962363416138
112,113,0.3373039945188782,0.3126598715640637,0.3500361339170583
113,114,0.3355190245635411,0.3351114939589557,0.32936948147750317
114,115,0.41471610932549857,0.2720727501386524,0.31321114053584953
115,116,0.27717253697894056,0.4300215370982202,0.292805925922839
116,117,0.4026358506916869,0.3507823329358016,0.24658181637251148
117,118,0.358228005044395,0.30585181547868695,0.33592017947691855
118,119,0.06632901540765047,0.5171828752284695,0.41648810936388075
119,120,0.39539307529419093,0.26162297514709804,0.34298394955871114
120,121,0.3594669972405663,0.31126345704635855,0.32926954571307543
121,122,0.3593752695991775,0.337635514281338,0.3029892161194849
122,123,0.4187931970144725,0.4196593695567216,0.16154743342880595
123,124,0.45830226237193483,0.32221215828973254,0.21948557933833257
124,125,0.35725362736174976,0.2881881472911727,0.35455822534707737
125,126,0.3060136949321038,0.36462078930714187,0.32936551576075473
126,127,0.5032716872607883,0.019540053448774103,0.47718825929043807
127,128,0.48237832074405046,0.06279140323919118,0.4548302760167587
128,129,0.36881511451169724,0.30016773011567194,0.33101715537263077
129,130,0.3647229059740988,0.3318319531520236,0.3034451408738771
130,131,0.384291244950571,0.3348092465507948,0.2808995084986344
131,132,0.26918718927719787,0.4009170264035435,0.3298957843192595
132,133,0.3974058401594763,0.05533043916528179,0.5472637206752422
133,134,0.4800898985516422,0.4964681815121654,0.023441919936192268
134,135,0.42479702481232867,0.3717563269926002,0.20344664819507136
135,136,0.24883850166185806,0.4157193186217786,0.3354421797163642
136,137,0.04542186429118341,0.43411443061499877,0.520463705093818
137,138,0.36214915806575243,0.41518540664784226,0.22266543528640512
138,139,0.4362417383513263,0.46073975622109237,0.10301850542758156
139,140,0.36094446782723655,0.3462613937142042,0.29279413845855956
140,141,0.365270641133125,0.36390811945719254,0.2708212394096829
141,142,0.36767050471218077,0.36568122470493275,0.2666482705828867
142,143,0.3726992238790453,0.3748474896901158,0.25245328643083875
143,144,0.3616324623129926,0.36891734960081224,0.26945018808619514
144,145,0.3212984571691514,0.4416881402967464,0.23701340253410216
145,146,0.3826690676592568,0.43295858965753553,0.18437234268320662
146,147,0.4047780556974571,0.30030292183971036,0.2949190224628327
147,148,0.39413875356476624,0.2982436530534645,0.30761759338176936
148,149,0.4047005951660872,0.2337460947467769,0.36155331008713604
149,150,0.31222060396765056,0.31424087014225616,0.37353852589009306
150,151,0.37103258799791006,0.25369643550892673,0.37527097649316316
151,152,0.2640710606904175,0.527095436751731,0.20883350255785152
152,153,0.2724191368515003,0.37595745944551373,0.3516234037029857
153,154,0.5086517770561834,0.4384630543987701,0.05288516854504653
154,155,0.41211104363746487,0.32774145555793166,0.2601475008046033
155,156,0.389250555439799,0.2542038549175826,0.3565455896426187
156,157,0.4459049302665707,0.1516422636083046,0.40245280612512513
157,158,0.3537633768348009,0.32525700719070455,0.320979615974495
158,159,0.36546846697757696,0.3237343619697665,0.31079717105265653
159,160,0.37274334340383214,0.270328590405984,0.35692806619018463
160,161,0.3531492509933652,0.29214858827156276,0.3547021607350719
161,162,0.328963680543315,0.31141196709301083,0.3596243523636745
162,163,0.3997260580235792,0.2469989014169477,0.3532750405594725
163,164,0.3632138240251748,0.3172177535903491,0.3195684223844763
164,165,0.3835607531089592,0.2550630538182298,0.361376193072811
165,166,0.3952314583241819,0.19589927055401804,0.40886927112180044
166,167,0.3314000885377514,0.3093137619197201,0.35928614954252863
167,168,0.27724115741261685,0.375135035729761,0.3476238068576223
168,169,0.3931780866868623,0.10990618477751406,0.496915728535624
169,170,0.37067786648814655,0.22449738920570989,0.40482474430614346
170,171,0.27255480064213855,0.348640400180943,0.3788047991769177
171,172,0.40911588138738497,0.14544473182564,0.4454393867869745
172,173,0.4675290637007943,0.07667696474709182,0.45579397155211404
173,174,0.4804638124225261,0.021427376331597532,0.4981088112458761
174,175,0.4963525904082317,0.013722719080993222,0.4899246905107752
175,176,0.37969201189694757,0.21967518301767028,0.40063280508538246
176,177,0.4856731283764097,0.017464276293863733,0.4968625953297266
177,178,0.4649637886862989,0.09067200313855263,0.4443642081751486
178,179,0.47935854709542725,0.07560842623050668,0.4450330266740659
179,180,0.4460902099030207,0.06354632243156415,0.4903634676654163
180,181,0.4950816639585848,0.012910136073244215,0.4920081999681709
181,182,0.3613669189566493,0.3378869573188376,0.3007461237245135
182,183,0.4514024950466692,0.4680096579311853,0.08058784702214555
183,184,0.34068001444741536,0.3176770337441386,0.3416429518084467
184,185,0.3455195218029479,0.31273636861108145,0.3417441095859712
185,186,0.36298245769210885,0.290219821858741,0.34679772044915047
186,187,0.4600499970660994,0.06599994210518384,0.4739500608287162
187,188,0.39889487889324243,0.21452113876184967,0.38658398234490854
188,189,0.4036847414850922,0.20117977492231437,0.39513548359259365
189,190,0.4227496128822797,0.1728000034049664,0.40445038371275405
190,191,0.4649925895111645,0.06714971981266132,0.46785769067617455
191,192,0.5266404432843252,0.4652980299126208,0.008061526803053743
192,193,0.32164457986752276,0.3579988729273941,0.3203565472050827
193,194,0.3255559196837478,0.324387424714699,0.35005665560155347
194,195,0.3225406412203932,0.3380857220068316,0.3393736367727754
195,196,0.33552661844323073,0.31941772961761533,0.34505565193915433
196,197,0.35183060513821507,0.302461122393473,0.34570827246831237
197,198,0.34082341026540935,0.3054940934832014,0.35368249625138903
198,199,0.3388159463062692,0.31212657270193334,0.349057480991797
199,200,0.3341300334640026,0.3041546621030446,0.3617153044329531
200,201,0.32476711562800764,0.31208052775339595,0.36315235661859663
201,202,0.30462058626269345,0.3093719167016601,0.38600749703564613
202,203,0.3286685286192489,0.29356247534663166,0.37776899603411973
203,204,0.3346044512815698,0.310406430941873,0.3549891177765571
204,205,0.336354235243182,0.3186098970315215,0.34503586772529693
205,206,0.3411807427815297,0.3166385444053814,0.3421807128130889
206,207,0.3432761436444706,0.3111452761341736,0.34557858022135607
207,208,0.3321486755929881,0.32589804828169666,0.34195327612531545
208,209,0.328641942533842,0.3324851349337284,0.3388729225324299
209,210,0.33108388068659944,0.3309248072808307,0.33799131203256993
210,211,0.3325428784431826,0.33133288433494945,0.33612423722186735
211,212,0.33377185616272737,0.3323073203179173,0.33392082351935604
212,213,0.3350479012438184,0.3314924195835842,0.3334596791725979
213,214,0.3340847079921245,0.332310711587621,0.3336045804202547
214,215,0.3335705264222922,0.3324016346285215,0.33402783894918653
215,216,0.3340618959271976,0.332215671582698,0.33372243249010425
216,217,0.3340749593172428,0.3318079205461402,0.33411712013661704
217,218,0.3342627536065002,0.33150453440992295,0.33423271198357685
218,219,0.33404535062146684,0.3313933349119166,0.33456131446661674
219,220,0.3336539710892106,0.3325325437262635,0.33381348518452597
220,221,0.33372669985837466,0.3326703956449118,0.3336029044967135
221,222,0.33374258563041304,0.3323616361100296,0.3338957782595576
222,223,0.3340564251892062,0.33155693566454514,0.33438663914624883
223,224,0.33418168803873183,0.33094352936657695,0.3348747825946919
224,225,0.3341216958613837,0.3312991400459745,0.33457916409264205
225,226,0.3341508745573494,0.33154576945157777,0.33430335599107397
226,227,0.33417852565166084,0.33123614194003675,0.3345853324083022
227,228,0.33468700027174453,0.33019357369886354,0.3351194260293921
228,229,0.33484899775260885,0.3295483203288731,0.3356026819185182
229,230,0.33574197682114676,0.3276022002954765,0.33665582288337725
230,231,0.33607434581908546,0.32680442154190054,0.3371212326390142
231,232,0.3354260977860991,0.32698174975717614,0.3375921524567249
232,233,0.3370545669368147,0.3239780197838672,0.3389674132793182
233,234,0.3370712519785534,0.3259908698796133,0.3369378781418335
