,Window_Index,Loading_Temperature_Prop,Loading_force_Prop,Loading_Voltage_Prop
0,1,0.5200716655352248,0.39364068490339665,0.08628764956137873
1,2,0.35838326155706757,0.10149372206335547,0.5401230163795769
2,3,0.31500338297662267,0.3344051657864359,0.3505914512369414
3,4,0.3024903804297749,0.5201851369481063,0.1773244826221187
4,5,0.4517317552053844,0.5065725571172776,0.04169568767733828
5,6,0.38056758957861164,0.45304432424950525,0.16638808617188253
6,7,0.43677311127440344,0.35865148952950837,0.20457539919608841
7,8,0.380825341241147,0.36165318047601097,0.2575214782828419
8,9,0.37215328815218485,0.3489690547958699,0.27887765705194534
9,10,0.3364751224864688,0.33671441788431616,0.3268104596292155
10,11,0.3391471796694662,0.3308462765446464,0.3300065437858869
11,12,0.3517446093604967,0.3243296072323284,0.32392578340717487
12,13,0.3241877665091998,0.22234122660622155,0.4534710068845779
13,14,0.34458726971396014,0.3712780582191552,0.28413467206688514
14,15,0.3754721313427405,0.3807169995749763,0.24381086908228347
15,16,0.07635048078106543,0.5595679671255532,0.36408155209338167
16,17,0.4952422428593791,0.4978156251794681,0.006942131961152585
17,18,0.41762225034152595,0.3391782256717985,0.24319952398667574
18,19,0.41032505543238584,0.16882787035207314,0.4208470742155406
19,20,0.538753149953242,0.4420675396278688,0.019179310418889112
20,21,0.3035569961054085,0.17349483912554597,0.5229481647690455
21,22,0.39746743277080937,0.37450252094816516,0.22803004628102555
22,23,0.41929476793160253,0.4221156162013685,0.15858961586702888
23,24,0.49506888649127834,0.45028321455044096,0.05464789895828078
24,25,0.45698688483391386,0.04886062444733764,0.4941524907187488
25,26,0.52784397551187,0.13355927833877546,0.33859674614935426
26,27,0.5014226906654224,0.29507408625095416,0.20350322308362315
27,28,0.35487202155504727,0.3504701234000189,0.2946578550449336
28,29,0.3664817971313908,0.2646897444683581,0.3688284584002514
29,30,0.4143641811474892,0.13355156726395542,0.4520842515885554
30,31,0.34517381098561134,0.32332731412220306,0.33149887489218494
31,32,0.36881778776762664,0.24589166087904196,0.38529055135333135
32,33,0.44386761503834876,0.25565137857946707,0.3004810063821843
33,34,0.4282676569697325,0.3672650391372232,0.20446730389304413
34,35,0.3850264092457155,0.32173828957849254,0.2932353011757919
35,36,0.46550387146105415,0.2308977121534939,0.3035984163854525
36,37,0.23694815087349302,0.5232743302524343,0.23977751887407286
37,38,0.3383003245396466,0.44657854659354357,0.21512112886680965
38,39,0.3371113726402142,0.2713845400536645,0.39150408730612074
39,40,0.4029293605405341,0.16773618661978593,0.42933445283968097
40,41,0.5397746699674395,0.051879905096667234,0.4083454249358937
41,42,0.44214064199309594,0.35740436123598085,0.20045499677092338
42,43,0.46891172339886916,0.16676425816000903,0.3643240184411215
43,44,0.44408148307078527,0.14412463956672603,0.41179387736248935
44,45,0.5179082403484577,0.1358245871646674,0.34626717248687494
45,46,0.11772189647487549,0.39910490350050687,0.48317320002461794
46,47,0.3590241759203556,0.434875147862466,0.20610067621717823
47,48,0.4295670086549014,0.44548878552161714,0.12494420582348145
48,49,0.49668147390478024,0.49025810280645865,0.01306042328876075
49,50,0.5129379214816127,0.3690862395675847,0.11797583895080249
50,51,0.28585314821352537,0.3467288019139302,0.3674180498725449
51,52,0.4826786828732625,0.06284115138266219,0.4544801657440752
52,53,0.3666953971152517,0.2994399833385933,0.33386461954615526
53,54,0.3525219262764657,0.3349451798168908,0.31253289390664335
54,55,0.3477866882467097,0.3409761870269629,0.3112371247263272
55,56,0.36701949543712,0.3443193003373499,0.28866120422553065
56,57,0.38189195768538375,0.25141313195983955,0.3666949103547764
57,58,0.43444593902182105,0.39138983175833214,0.17416422921984753
58,59,0.46713485597747106,0.07389344315207377,0.458971700870455
59,60,0.3389852932229598,0.33168569800228137,0.329329008774759
60,61,0.3136014519394595,0.3622878342045569,0.32411071385598295
61,62,0.43599193598624725,0.10017265256435741,0.46383541144939483
62,63,0.5001817426181314,0.0012864377049742106,0.4985318196768944
63,64,0.4340084517820169,0.14179274874363124,0.42419879947435185
64,65,0.4598121973330251,0.15717052854818697,0.38301727411878844
65,66,0.41029653169704977,0.34253342779192997,0.24717004051102037
66,67,0.3662982322602285,0.3807970100218401,0.25290475771793114
67,68,0.35729473581773524,0.3672003505289742,0.27550491365329033
68,69,0.3735938417153833,0.37779165493997197,0.24861450334464494
69,70,0.46314297578410124,0.4711312117997383,0.0657258124161602
70,71,0.3995642969496623,0.45869024726746616,0.14174545578287143
71,72,0.3865221128741802,0.3136661323823819,0.29981175474343835
72,73,0.3541285064260426,0.3357588549030074,0.31011263867095024
73,74,0.3633675796920304,0.3288009812399285,0.30783143906804156
74,75,0.3627707665828415,0.33502999625236435,0.302199237164794
75,76,0.3508990383283578,0.33783785808043737,0.31126310359120424
76,77,0.34309407354996774,0.3408627768821932,0.3160431495678396
77,78,0.3427270687058923,0.33806898960754533,0.31920394168656263
78,79,0.3484866050684093,0.3374632092648337,0.31405018566675696
79,80,0.35371693208079025,0.32914579235071056,0.31713727556849886
80,81,0.3471062866097253,0.3154360945576311,0.3374576188326438
81,82,0.3592965164767484,0.3221859551164156,0.3185175284068359
82,83,0.3939517561516954,0.249091997816687,0.35695624603161796
83,84,0.36792545980629726,0.29504232604755665,0.33703221414614687
84,85,0.4073253950122409,0.2547278670946393,0.33794673789311985
85,86,0.42435495507683807,0.2933085599098838,0.28233648501327774
86,87,0.4098524731897122,0.3285844175674535,0.26156310924283427
87,88,0.3551769972000091,0.33311966937613713,0.3117033334238541
88,89,0.3724201945108678,0.3240727232880876,0.3035070822010444
89,90,0.3747784090034367,0.3207225808400006,0.3044990101565623
90,91,0.3774676699343278,0.3318828523393185,0.29064947772635313
91,92,0.3590987536151061,0.2944594355681388,0.34644181081675485
92,93,0.3913600514367479,0.20266666639641018,0.4059732821668425
93,94,0.43410228731080747,0.11227681311209381,0.45362089957709906
94,95,0.4911914963679727,0.04822744154863679,0.4605810620833903
95,96,0.41646911023505606,0.2675583852429798,0.31597250452196407
96,97,0.46660393148251,0.11163217405713427,0.4217638944603556
97,98,0.3932281754419521,0.3049534977888968,0.30181832676915143
98,99,0.46857346411307443,0.4930323786129767,0.03839415727394878
99,100,0.38758926126781046,0.45740185591202254,0.15500888282016664
100,101,0.2537484246977829,0.3198870595171486,0.4263645157850688
101,102,0.46049590557923537,0.1962732065212098,0.343230887899554
102,103,0.5236382201421826,0.06942472911148323,0.40693705074633396
103,104,0.5323926641406302,0.18133168270306307,0.2862756531563068
104,105,0.4086851040817448,0.27689727658906554,0.3144176193291897
105,106,0.4549633697594058,0.09345161100117728,0.45158501923941663
106,107,0.4675585814523143,0.08554670095663229,0.44689471759105265
107,108,0.3801294861969164,0.31634338640992804,0.30352712739315546
108,109,0.36649104458484266,0.33010060121368207,0.30340835420147527
109,110,0.35616574123116634,0.32719867317392,0.31663558559491306
110,111,0.37776794776723105,0.2906943898557939,0.33153766237697563
111,112,0.3693088674836061,0.23959605257648053,0.39109507993991327
112,113,0.32719442752784067,0.37065307587791857,0.30215249659424165
113,114,0.3372852668125924,0.3475674234272169,0.3151473097601907
114,115,0.3471934560072718,0.305533671598783,0.34727287239394555
115,116,0.4746018392381525,0.05231846496014666,0.4730796958017003
116,117,0.47845346822236795,0.06892751140213553,0.45261902037549623
117,118,0.4038234271943155,0.2887736039537063,0.30740296885197776
118,119,0.41759771653183725,0.2554048620323544,0.32699742143580807
119,120,0.3768918306915606,0.19416770989180132,0.42894045941663805
120,121,0.43043447721746037,0.13077155730943993,0.4387939654730997
121,122,0.45526603887047823,0.09875462926547218,0.4459793318640498
122,123,0.43305849293149445,0.14473282296373602,0.4222086841047698
123,124,0.42057063029840275,0.1645551091278913,0.4148742605737059
124,125,0.46726496601898393,0.0930230959783922,0.4397119380026241
125,126,0.3408856963806453,0.30522250288775105,0.35389180073160387
126,127,0.34935083426516456,0.2972733472586075,0.35337581847622807
127,128,0.41998650203599946,0.28433426359866776,0.29567923436533267
128,129,0.49703204812057183,0.4973710512686034,0.005596900610824769
129,130,0.4544806788278256,0.4516251817898561,0.09389413938231782
130,131,0.3612814082386887,0.394994494007034,0.2437240977542777
131,132,0.3003789641482366,0.4020140267608265,0.297607009090937
132,133,0.23511237072436286,0.45510085349946244,0.309786775776175
133,134,0.15274057875904481,0.46307283649754494,0.3841865847434105
134,135,0.01715848424941869,0.4792050812963228,0.5036364344542582
135,136,0.5212286840128785,0.36091246017279494,0.11785885581432672
136,137,0.31565116110643576,0.3059565564577232,0.3783922824358413
137,138,0.016663332123126918,0.5001755349107372,0.48316113296613616
138,139,0.3233405201258399,0.31306301997698904,0.363596459897171
139,140,0.46688333139057125,0.03780121287390596,0.4953154557355227
140,141,0.355685784123716,0.33199099754367595,0.3123232183326078
141,142,0.3549335422820602,0.3200905032842057,0.3249759544337346
142,143,0.39621538430977554,0.286270152533561,0.31751446315666415
143,144,0.30949012377453883,0.3603836065132677,0.3301262697121933
144,145,0.3168444483327447,0.35916195104063253,0.32399360062662264
145,146,0.3774078233859178,0.31621252998935784,0.30637964662472444
146,147,0.4092409518125619,0.26652900643435185,0.32423004175308556
147,148,0.3639947756691289,0.2735355305426186,0.3624696937882525
148,149,0.3527110016300926,0.31860788242961496,0.32868111594029265
149,150,0.3623618438901702,0.3047745699237217,0.3328635861861088
150,151,0.4428625700509347,0.43491146788422175,0.12222596206484333
151,152,0.37482285581887653,0.3557758504797097,0.2694012937014139
152,153,0.22456138377183363,0.41240332477145486,0.3630352914567117
153,154,0.27882873610288983,0.29615628125831167,0.42501498263879783
154,155,0.5053070397690484,0.008066267479405234,0.48662669275154613
155,156,0.3690340195571791,0.1896335332296167,0.44133244721320486
156,157,0.41519891674817716,0.16640120516562376,0.418399878086199
157,158,0.4268640591918894,0.15130469697682816,0.42183124383128245
158,159,0.5017270181517346,0.0014899934060662388,0.49678298844219954
159,160,0.3706934297423585,0.27269950116110875,0.3566070690965333
160,161,0.3513925075226789,0.31019644461298507,0.3384110478643361
161,162,0.3492000077304444,0.3156451456301371,0.3351548466394187
162,163,0.372111487108669,0.28366599392872327,0.34422251896260786
163,164,0.4169114734732997,0.14954832890026107,0.4335401976264394
164,165,0.4189880485364227,0.1694636251952125,0.4115483262683654
165,166,0.4471627898723538,0.09603749014356701,0.4567997199840788
166,167,0.4258839934396181,0.1499327016574394,0.4241833049029425
167,168,0.34898043435025194,0.31882088160025235,0.33219868404949615
168,169,0.3578503411727623,0.3052596512760452,0.3368900075511927
169,170,0.4993948893933852,0.0006141596706879646,0.4999909509359272
170,171,0.3949630604278679,0.21884421880667376,0.3861927207654586
171,172,0.33447831116536514,0.3288566332966945,0.33666505553794057
172,173,0.34078513701497243,0.3249697440789676,0.33424511890605996
173,174,0.5002972170969643,0.12409638388943128,0.3756063990136042
174,175,0.39100542451768294,0.35480812979964776,0.25418644568267
175,176,0.3482456131650855,0.3485989506849757,0.30315543614993884
176,177,0.36553934623462647,0.3702123806091784,0.2642482731561951
177,178,0.499225747387003,0.4995452664868488,0.0012289861261481733
178,179,0.40773455809919557,0.4050090928561397,0.1872563490446647
179,180,0.375516076295234,0.37356474646067805,0.25091917724408824
180,181,0.35956349019056466,0.3425950461683498,0.2978414636410856
181,182,0.3621865176599162,0.2711751260252139,0.36663835631487
182,183,0.24945248340905538,0.30851113929361607,0.44203637729732886
183,184,0.2837526756272666,0.31308646756183256,0.40316085681090086
184,185,0.43082146686831935,0.1394602162534461,0.42971831687823386
185,186,0.36800261808185947,0.2509914357848649,0.38100594613327515
186,187,0.35013646385444136,0.3029057081337211,0.34695782801183767
187,188,0.3331185153268229,0.32326145532929085,0.34362002934388614
188,189,0.31636140923960704,0.35670084537580876,0.3269377453845842
189,190,0.4028538418133574,0.2828311475313166,0.3143150106553264
190,191,0.377288115885365,0.28257412162974854,0.34013776248488675
191,192,0.3901159586304354,0.2204164571660327,0.38946758420353234
192,193,0.39480800501408636,0.2454390256580699,0.35975296932784345
193,194,0.4569315513536079,0.11343437702874182,0.42963407161765
194,195,0.3874358836071444,0.20386660176761526,0.4086975146252407
195,196,0.40558203976599466,0.18519626159716793,0.4092216986368372
196,197,0.3608522736243614,0.25613493268569104,0.3830127936899471
197,198,0.3753682590123636,0.24478438221021048,0.37984735877742626
198,199,0.38267790367938026,0.2582639309471812,0.3590581653734382
199,200,0.3356254225774353,0.32739206782764757,0.33698250959491793
200,201,0.3289908917989448,0.3291514566977384,0.34185765150331704
201,202,0.3659919629599243,0.22905828526747707,0.4049497517725982
202,203,0.24982323298557754,0.4576564656092699,0.2925203014051525
203,204,0.34754509228050906,0.25237196388245187,0.40008294383703946
204,205,0.5326581682165404,0.04797243324951111,0.4193693985339482
205,206,0.39433689588527215,0.24171387114775927,0.36394923296696846
206,207,0.39434382353274233,0.2385851149569076,0.3670710615103498
207,208,0.3556003962962434,0.30903425998693884,0.3353653437168177
208,209,0.367359503912904,0.2831404089517744,0.34950008713532144
209,210,0.3320445487264212,0.31504906233708807,0.35290638893649096
210,211,0.3167940270617613,0.33614660778372585,0.34705936515451324
211,212,0.32026559347258177,0.33068374596380795,0.3490506605636089
212,213,0.3378322257208889,0.316349497257675,0.345818277021436
213,214,0.3359569517443326,0.35153735188853635,0.3125056963671305
214,215,0.36338488123914936,0.3821043874776196,0.2545107312832307
215,216,0.496796151594431,0.49669113880727284,0.0065127095982957925
216,217,0.41504202637894383,0.42974423037129283,0.15521374324976359
217,218,0.34978549407848936,0.3579277255396198,0.2922867803818912
218,219,0.3577087220344684,0.37383850062129714,0.2684527773442341
219,220,0.3867001142555835,0.3820321226152699,0.23126776312914743
220,221,0.3674288693463532,0.3615172378415172,0.27105389281212966
221,222,0.3509751533512529,0.33644240103070266,0.3125824456180445
222,223,0.337932215721784,0.321553610260212,0.3405141740180037
223,224,0.3848005186613979,0.3853942189020272,0.22980526243657456
224,225,0.34804721861488636,0.4247020234713305,0.22725075791378282
225,226,0.2990607138594292,0.42189320180528,0.2790460843352914
226,227,0.4732181851636772,0.06301144670990544,0.4637703681264175
227,228,0.4195571615234344,0.07701716653983767,0.5034256719367279
228,229,0.5049412801041957,0.049584086731808925,0.4454746331639952
229,230,0.3720593406303004,0.20708931918562717,0.4208513401840729
230,231,0.29728800370028685,0.32992435468453324,0.37278764161518013
231,232,0.4831450783086319,0.5077774145562817,0.009077507135086697
232,233,0.463089170095315,0.483867780945567,0.053043048959118405
233,234,0.5293474600034445,0.21749342838873661,0.25315911160781945
234,235,0.027861684031563763,0.5072194136849185,0.46491890228351807
235,236,0.4117279038726926,0.15565012090016436,0.4326219752271438
236,237,0.34581319102496316,0.3082757135598839,0.3459110954151532
237,238,0.3204025522461489,0.3329635488660755,0.3466338988877759
238,239,0.43443526517208825,0.3274876935314442,0.23807704129646762
239,240,0.2801965050711395,0.22773217625338482,0.4920713186754753
240,241,0.47824132746388914,0.06267482740814923,0.45908384512796224
241,242,0.3491190797709578,0.2905856384892129,0.36029528173982917
242,243,0.3517237418884047,0.2662776423734899,0.38199861573810573
243,244,0.36184821446200444,0.28758732106171664,0.35056446447627954
244,245,0.3497128219752945,0.3178827697692273,0.3324044082554781
245,246,0.3582310490319868,0.3105825807978008,0.3311863701702123
246,247,0.3815467154046539,0.24510147179858321,0.3733518127967632
247,248,0.3808872976685241,0.2570108577572444,0.36210184457423084
248,249,0.34688978323889685,0.31415081586067084,0.33895940090043225
249,250,0.3381556336616951,0.32658762517219864,0.33525674116610743
250,251,0.41555172981938443,0.21476345259700758,0.3696848175836081
251,252,0.43270131374720283,0.18657074292535336,0.38072794332744353
252,253,0.3346257342172974,0.3079182528410813,0.35745601294162155
253,254,0.33257087434697474,0.30606857958072825,0.361360546072297
254,255,0.3677759955863522,0.3525384850590582,0.2796855193545899
255,256,0.41276923101437635,0.38780569766407197,0.19942507132155127
256,257,0.36150794785654117,0.2794190383552468,0.3590730137882124
257,258,0.43011262929139255,0.31962343464143095,0.2502639360671761
258,259,0.40519158546084394,0.14960748549111771,0.4452009290480384
259,260,0.3463896364523321,0.2696813718650479,0.38392899168262
260,261,0.38566438908147144,0.17035055325110351,0.4439850576674252
261,262,0.33922844389427986,0.2923450258140681,0.36842653029165157
262,263,0.32695041363829874,0.3331481555561669,0.3399014308055348
263,264,0.3420440472660132,0.32314472746861533,0.3348112252653719
264,265,0.36500065870926873,0.2932543521238903,0.34174498916684093
265,266,0.38764061010870193,0.31942438176458215,0.2929350081267159
266,267,0.4484288036525266,0.4430706486974443,0.10850054765002895
267,268,0.34462000368086737,0.3513866970055075,0.30399329931362484
268,269,0.3866182799778005,0.3800889290775964,0.2332927909446029
269,270,0.38618123584780784,0.37346813694605774,0.2403506272061342
270,271,0.401032629230555,0.411049987093932,0.1879173836755131
271,272,0.37712214306392816,0.37991245691015174,0.24296540002592007
272,273,0.35047196775782113,0.35462598627169584,0.2949020459704831
273,274,0.3279418679188755,0.3641850705718328,0.30787306150929133
274,275,0.39752591877526056,0.0448312290842809,0.5576428521404585
275,276,0.35745716857368015,0.2714745982491601,0.37106823317715976
276,277,0.3473487392790226,0.3022763157639944,0.35037494495698285
277,278,0.33827081829042893,0.31794069165448036,0.3437884900550908
278,279,0.36582758410024935,0.26584149961096964,0.36833091628878056
279,280,0.11309336424466354,0.34354632477588154,0.5433603109794551
280,281,0.23906892252314793,0.49560373566315996,0.26532734181369216
281,282,0.4582676655877643,0.17926903433924632,0.36246330007298955
282,283,0.2160751964574896,0.29659243976182814,0.4873323637806825
283,284,0.44428069159665534,0.19160826933968386,0.3641110390636609
284,285,0.40037642646896987,0.41828766364614445,0.18133590988488535
285,286,0.41970173581611486,0.3819134954544663,0.1983847687294184
286,287,0.4948370683603006,0.47410354926460885,0.031059382375090497
287,288,0.4355266925772482,0.39845290907444714,0.1660203983483048
288,289,0.41326626719980664,0.4185559476985898,0.16817778510160356
289,290,0.3409240524573789,0.3340562551294903,0.32501969241313056
290,291,0.3055611763959963,0.35551245956575195,0.33892636403825194
291,292,0.04716976050546338,0.45203080389658246,0.5007994355979549
292,293,0.3045740282046671,0.2897112080960312,0.4057147636993017
293,294,0.09810049215156548,0.4320248777760666,0.46987463007236835
294,295,0.4346171805600525,0.2601556126904554,0.30522720674949233
295,296,0.5050262955799447,0.002853477583527532,0.49212022683652773
296,297,0.36474465149589075,0.32475971974478834,0.3104956287593211
297,298,0.48719511733179394,0.029441102344430203,0.48336378032377586
298,299,0.3316967664772735,0.33975414599934434,0.3285490875233821
299,300,0.5003137566746177,3.2093674707957524e-06,0.49968303395791175
300,301,0.23088991578739385,0.32752767475021793,0.44158240946238764
301,302,0.40678203427804527,0.4098349129941129,0.18338305272784167
302,303,0.5083747131794824,0.47468791373340746,0.01693737308711036
303,304,0.5004971412560282,0.4966406749690642,0.0028621837749071644
304,305,0.4290581633470179,0.4456353430346098,0.12530649361837184
305,306,0.341395529190145,0.3394461724669302,0.3191582983429251
306,307,0.34208223296037826,0.3352035646465034,0.32271420239311854
307,308,0.34057731407377634,0.3034154812046429,0.35600720472158087
308,309,0.5001604130342594,0.010953603319515446,0.4888859836462252
309,310,0.3787653744059447,0.25875698619559184,0.3624776393984634
310,311,0.30913186609862264,0.32745984113908483,0.3634082927622921
311,312,0.2584910976033041,0.23377629417139073,0.5077326082253052
312,313,0.42013741371165897,0.1391781455932183,0.4406844406951227
313,314,0.4954110950959582,0.003851629178502748,0.5007372757255392
314,315,0.49859462723767084,0.10547742801619434,0.39592794474613463
315,316,0.4867864656872444,0.0033740842747455244,0.50983945003801
316,317,0.4041689141672547,0.10473608630010042,0.49109499953264474
317,318,0.48700640887686414,0.035394247659328595,0.4775993434638076
318,319,0.41956013864368563,0.1523630728907302,0.4280767884655841
319,320,0.33415510647655156,0.29204221370575545,0.373802679817693
320,321,0.5343328785958843,0.44279947366694095,0.022867647737174583
321,322,0.34954950423103964,0.31638049663610684,0.3340699991328531
322,323,0.3375308877517042,0.34979870896045073,0.3126704032878456
323,324,0.2977918919022349,0.3088939570437548,0.39331415105401013
324,325,0.06647424480827191,0.43543534771725645,0.49809040747447175
325,326,0.23811861772428794,0.36841318979128024,0.39346819248443254
326,327,0.38808036730297846,0.4712668328532684,0.14065279984375365
327,328,0.5060160934813495,0.0011154725814911152,0.49286843393715957
328,329,0.36000199021108154,0.2562083812112727,0.383789628577646
329,330,0.23915639936000088,0.37246598346824816,0.38837761717175034
330,331,0.11910651126785056,0.4422542122927893,0.43863927643935957
331,332,0.3370963073547434,0.3267450785135861,0.3361586141316702
332,333,0.3440513780947461,0.31265838016180014,0.343290241743454
333,334,0.33269891690589587,0.31893008694820835,0.3483709961458954
334,335,0.37465568525519205,0.23814846341963236,0.38719585132517514
335,336,0.3483638260580707,0.3067552098751087,0.34488096406682106
336,337,0.3372539341808954,0.325021267622284,0.3377247981968213
337,338,0.33542301341503417,0.32943527415979684,0.3351417124251688
338,339,0.33429606013446733,0.3311620466184017,0.3345418932471313
339,340,0.3337859212019583,0.331916871825867,0.33429720697217474
340,341,0.3336687358016869,0.3326513287843511,0.33367993541396207
341,342,0.33345741084087044,0.3332672441373439,0.33327534502178624
342,343,0.333824962340707,0.3326672381532694,0.3335077995060235
343,344,0.3338412145586417,0.3328190283134356,0.33333975712792246
344,345,0.3334732662859806,0.3329988488727465,0.3335278848412725
345,346,0.3335597085815618,0.3328020087063112,0.3336382827121272
346,347,0.3337599426066624,0.3323655794490028,0.33387447794433456
347,348,0.3336057053697643,0.3323826523450622,0.33401164228517305
348,349,0.3335763538835271,0.3321894139581332,0.3342342321583397
349,350,0.3334992831807396,0.3321074222556907,0.3343932945635699
350,351,0.3332845720780717,0.33265191442311853,0.33406351349880964
351,352,0.3334498536609362,0.33216247429517204,0.3343876720438923
352,353,0.3330844340771384,0.3328398641671082,0.3340757017557533
353,354,0.33359349902161173,0.3319143103060901,0.3344921906722977
354,355,0.33392895506346715,0.3314776289174555,0.33459341601907755
355,356,0.33428032891092957,0.3308901198213112,0.33482955126775965
356,357,0.33403543855974716,0.3315731974331085,0.33439136400714486
357,358,0.3346180670124399,0.33057297035896216,0.3348089626285983
358,359,0.3351827272056441,0.3291791003007361,0.3356381724936196
359,360,0.33531024929377273,0.32858410922661235,0.336105641479615
360,361,0.3348457309439314,0.32951307506687666,0.33564119398919234
361,362,0.33435238391708166,0.3303781007310547,0.3352695153518638
362,363,0.33569738141586114,0.3286851863572204,0.33561743222691903
363,364,0.33598887221317036,0.32768975046222265,0.33632137732460704
364,365,0.33579724032076463,0.32944458111117647,0.33475817856805934
365,366,0.3356737153090345,0.32886101891156194,0.3354652657794035
366,367,0.3360446159595589,0.328922019550216,0.3350333644902249
367,368,0.33663814124460545,0.32771327862162775,0.3356485801337668
368,369,0.33655994449208526,0.32650167087076026,0.33693838463715436
369,370,0.33673130115480215,0.3273936947232755,0.33587500412192234
370,371,0.33624390079310285,0.32807248922274485,0.33568360998415286
371,372,0.33542248896553634,0.329155607410418,0.335421903624046
372,373,0.3357662579235266,0.3279882235965497,0.33624551847992395
373,374,0.33558821211258166,0.3293598799210948,0.3350519079663236
374,375,0.3359224989278536,0.32852203566191324,0.3355554654102335
375,376,0.33584976357324814,0.32954276645159597,0.3346074699751562
376,377,0.33527788528671143,0.3298397560651466,0.3348823586481424
377,378,0.33588961715859716,0.32762585964330154,0.33648452319810085
378,379,0.3448991802816265,0.30393056733637985,0.3511702523819934
379,380,0.3491156496458827,0.29654446273877166,0.35433988761534524
380,381,0.3396290472245266,0.3161826017929326,0.3441883509825406
381,382,0.33769200657218157,0.324506418702407,0.3378015747254118
382,383,0.3390042622861046,0.3233609933937099,0.3376347443201855
383,384,0.3400816231582822,0.3204605719878085,0.3394578048539093
384,385,0.33994613292231524,0.319713955189831,0.3403399118878535
385,386,0.33774221561687545,0.32419797057204475,0.33805981381107997
386,387,0.33733413646066607,0.3256311760393852,0.33703468749994925
387,388,0.337000943033833,0.32648309483539956,0.3365159621307677
388,389,0.34651126106568325,0.30391463841506344,0.3495741005192535
389,390,0.3686418803993596,0.25858863336666726,0.37276948623397316
390,391,0.34988722222297663,0.2956227167864446,0.3544900609905786
391,392,0.3371519231701498,0.3250281316312707,0.33781994519858
392,393,0.3356448374817912,0.3288190236657666,0.3355361388524424
393,394,0.3360563080852171,0.3258791236911202,0.3380645682236628
394,395,0.33512227821233787,0.32826877998859466,0.3366089417990673
395,396,0.33709624415839545,0.3240303371140097,0.3388734187275958
396,397,0.3379490335116821,0.3240854906661289,0.3379654758221897
397,398,0.3421094534811544,0.31608174843565884,0.3418087980831872
398,399,0.3472461681671771,0.3055792111979143,0.3471746206349083
399,400,0.3414480825354576,0.3145889148773088,0.34396300258723395
400,401,0.3385625319925341,0.3206060374388432,0.3408314305686227
401,402,0.3378635035816598,0.32339266581868126,0.33874383059965946
402,403,0.33782830724951346,0.324881792869277,0.33728989988120983
403,404,0.34043048998114256,0.3202901565297953,0.33927935348906274
404,405,0.3416458344389547,0.3154630989056163,0.34289106665542873
405,406,0.33732644187192173,0.32166200688697977,0.34101155124109817
406,407,0.3383393055169334,0.3204637295125839,0.34119696497048263
407,408,0.33801845971300765,0.3184231409678233,0.34355839931916904
408,409,0.33786842621522456,0.31735374440553776,0.34477782937923707
409,410,0.33334890885164076,0.32528336174283395,0.341367729405526
410,411,0.34166107499103027,0.3167214412001967,0.34161748380877266
411,412,0.3425190758017125,0.3127446788112612,0.3447362453870265
412,413,0.34535997502665644,0.3047161250816969,0.34992389989164674
413,414,0.3403254008089493,0.3123986896468622,0.34727590954418813
414,415,0.33968610119159137,0.31768554750049066,0.3426283513079183
415,416,0.3431897178397061,0.3123272420015973,0.3444830401586972
416,417,0.3576612596700527,0.2924078311214386,0.34993090920850944
417,418,0.39669372669691905,0.2155589586876887,0.38774731461539164
418,419,0.4188720205979177,0.16264972162170893,0.41847825778037345
419,420,0.3794121039234592,0.24410786105440446,0.3764800350221365
420,421,0.35578164686618136,0.2901992630307509,0.3540190901030672
421,422,0.35895737607653294,0.28430808204503466,0.3567345418784322
422,423,0.36036626292903334,0.28062788618097545,0.3590058508899913
423,424,0.36131599878337967,0.28122972949295433,0.357454271723666
424,425,0.34626256537115824,0.3069935001402601,0.34674393448858176
425,426,0.34342042866139416,0.3153850596265251,0.3411945117120807
426,427,0.341756885122641,0.31443161863885016,0.34381149623850893
427,428,0.3562824879136794,0.28000404042749855,0.36371347165882245
428,429,0.3938733948264868,0.20480776163148684,0.4013188435420263
429,430,0.3878879913505119,0.22579306112138606,0.38631894752810253
430,431,0.3851217444054228,0.22966793870837193,0.38521031688620505
431,432,0.3654590417980992,0.25942577352342894,0.37511518467847194
432,433,0.35032483325643626,0.30757841907696465,0.34209674766659914
433,434,0.34228369863692,0.31816096603570476,0.33955533532737536
434,435,0.3514566892999126,0.3027771293553886,0.3457661813446991
435,436,0.36139286866274456,0.27680599384932086,0.36180113748793447
436,437,0.36857588260137714,0.2620490440665012,0.36937507333212155
437,438,0.35161048997172206,0.30019117904803677,0.34819833098024106
438,439,0.3414396879862985,0.3193611307412008,0.3391991812725011
439,440,0.34116437273965894,0.3154205278700374,0.34341509939030396
440,441,0.3392409537617213,0.3161821478824791,0.3445768983557998
441,442,0.3397347657555337,0.3108074904723754,0.3494577437720911
